id_en	text_clean	shuffled_candidates_json	discriminator_run2_borda_method	discriminator_run2_internal_weights_json	discriminator_run2_model_weights_json	discriminator_run2_borda_scores_json	discriminator_run2_borda_ranking_json	discriminator_run2_winner_id	discriminator_run2_winner_source	discriminator_run2_winner_original_id	discriminator_run2_winner_pun	discriminator_run2_winner_score	discriminator_run2_borda_error	discriminator_run2_borda_version
901	Dr. Jekyll's more successful second formula turned him into a world-class sprinter rather than a violent psychopath, proving that you can run but you can't always Hyde.	"[{""source"":""gpt_single"",""original_id"":"""",""pun"":""Jekyll ne joue plus à cache-Hyde : avec sa nouvelle potion, son double ne se cache plus, il double tout le monde."",""id"":30716},{""source"":""gemini_pro_single"",""original_id"":"""",""pun"":""Le Dr Jekyll s'est mis au sprint pour fuir son alter ego : on l'appelle désormais Docteur J'esquive et Mister Cache."",""id"":70043},{""source"":""claude"",""original_id"":""69854"",""pun"":""Jekyll avait deux personnalités : le jour, brillant chercheur ; la nuit, un être qui se masquait. Son thérapeute lui a dit : 'Vous avez un double visage.' Jekyll a répondu : 'Non, j'ai un double usage.'"",""id"":27712},{""source"":""gemini"",""original_id"":""82859"",""pun"":""Pourquoi Jekyll ne joue-t-il jamais à cache-cache ? Parce qu'il finit toujours par se Hyde-er."",""id"":44798}]"	pooled_rankings	"{""comedian"":100.0,""pun_expert"":0.0,""editor"":0.0,""translator"":0.0}"	"{""claude"":25.0,""gemini_pro"":25.0,""gpt"":25.0}"	"{""30716"":22500.0,""44798"":22500.0,""70043"":17500.0,""27712"":12500.0}"	"[{""id"":30716,""source"":""gpt_single"",""original_id"":"""",""score"":22500.0,""pun"":""Jekyll ne joue plus à cache-Hyde : avec sa nouvelle potion, son double ne se cache plus, il double tout le monde.""},{""id"":44798,""source"":""gemini"",""original_id"":""82859"",""score"":22500.0,""pun"":""Pourquoi Jekyll ne joue-t-il jamais à cache-cache ? Parce qu'il finit toujours par se Hyde-er.""},{""id"":70043,""source"":""gemini_pro_single"",""original_id"":"""",""score"":17500.0,""pun"":""Le Dr Jekyll s'est mis au sprint pour fuir son alter ego : on l'appelle désormais Docteur J'esquive et Mister Cache.""},{""id"":27712,""source"":""claude"",""original_id"":""69854"",""score"":12500.0,""pun"":""Jekyll avait deux personnalités : le jour, brillant chercheur ; la nuit, un être qui se masquait. Son thérapeute lui a dit : 'Vous avez un double visage.' Jekyll a répondu : 'Non, j'ai un double usage.'""}]"	30716	gpt_single		Jekyll ne joue plus à cache-Hyde : avec sa nouvelle potion, son double ne se cache plus, il double tout le monde.	22500.0		discriminator_run2_v4
902	Drinking a whole bucket of water could make you turn pail.	"[{""source"":""claude"",""original_id"":""14785"",""pun"":""Boire un seau entier rend pâle ? Logique : trop d'eau, ça dilue même le teint. On appelle ça l'effet seau-blême."",""id"":59098},{""source"":""gemini_pro_single"",""original_id"":"""",""pun"":""Essayer de boire toute l'eau de ce récipient d'un seul trait, c'est vraiment seau !"",""id"":80254},{""source"":""gpt_single"",""original_id"":"""",""pun"":""Après un seau de liquide, tu deviens vite livide."",""id"":46878},{""source"":""gemini"",""original_id"":""28858"",""pun"":""Mon ami est devenu tout pâle après être tombé dans un seau de peinture. C'est un vrai cas de seau-pâle."",""id"":55330}]"	pooled_rankings	"{""comedian"":100.0,""pun_expert"":0.0,""editor"":0.0,""translator"":0.0}"	"{""claude"":25.0,""gemini_pro"":25.0,""gpt"":25.0}"	"{""59098"":25000.0,""80254"":22500.0,""55330"":17500.0,""46878"":10000.0}"	"[{""id"":59098,""source"":""claude"",""original_id"":""14785"",""score"":25000.0,""pun"":""Boire un seau entier rend pâle ? Logique : trop d'eau, ça dilue même le teint. On appelle ça l'effet seau-blême.""},{""id"":80254,""source"":""gemini_pro_single"",""original_id"":"""",""score"":22500.0,""pun"":""Essayer de boire toute l'eau de ce récipient d'un seul trait, c'est vraiment seau !""},{""id"":55330,""source"":""gemini"",""original_id"":""28858"",""score"":17500.0,""pun"":""Mon ami est devenu tout pâle après être tombé dans un seau de peinture. C'est un vrai cas de seau-pâle.""},{""id"":46878,""source"":""gpt_single"",""original_id"":"""",""score"":10000.0,""pun"":""Après un seau de liquide, tu deviens vite livide.""}]"	59098	claude	14785	Boire un seau entier rend pâle ? Logique : trop d'eau, ça dilue même le teint. On appelle ça l'effet seau-blême.	25000.0		discriminator_run2_v4
903	Drinking too much of a certain potent potable may require a leave of absinthe.	"[{""source"":""gemini"",""original_id"":""48461"",""pun"":""J'ai commandé une liqueur de plante, mais elle n'est jamais arrivée : elle était absinthe."",""id"":81765},{""source"":""gpt_single"",""original_id"":"""",""pun"":""Après trop d’absinthe, j’ai demandé une mise au verre."",""id"":76365},{""source"":""claude"",""original_id"":""84265"",""pun"":""Il a tellement bu d'absinthe qu'il est parti sans laisser d'absinthe."",""id"":67216},{""source"":""gemini_pro_single"",""original_id"":"""",""pun"":""À force d'abuser de la fée verte, le poète a fini par briller par son absinthe."",""id"":30581}]"	pooled_rankings	"{""comedian"":100.0,""pun_expert"":0.0,""editor"":0.0,""translator"":0.0}"	"{""claude"":25.0,""gemini_pro"":25.0,""gpt"":25.0}"	"{""30581"":27500.0,""81765"":22500.0,""67216"":12500.0,""76365"":12500.0}"	"[{""id"":30581,""source"":""gemini_pro_single"",""original_id"":"""",""score"":27500.0,""pun"":""À force d'abuser de la fée verte, le poète a fini par briller par son absinthe.""},{""id"":81765,""source"":""gemini"",""original_id"":""48461"",""score"":22500.0,""pun"":""J'ai commandé une liqueur de plante, mais elle n'est jamais arrivée : elle était absinthe.""},{""id"":67216,""source"":""claude"",""original_id"":""84265"",""score"":12500.0,""pun"":""Il a tellement bu d'absinthe qu'il est parti sans laisser d'absinthe.""},{""id"":76365,""source"":""gpt_single"",""original_id"":"""",""score"":12500.0,""pun"":""Après trop d’absinthe, j’ai demandé une mise au verre.""}]"	30581	gemini_pro_single		À force d'abuser de la fée verte, le poète a fini par briller par son absinthe.	27500.0		discriminator_run2_v4
904	Driven By What's Inside.	"[{""source"":""gemini_pro_single"",""original_id"":"""",""pun"":""C'est ce qu'on a dans le ventre qui nous fait avancer."",""id"":11773},{""source"":""gpt_single"",""original_id"":"""",""pun"":""Ce qui nous fait avancer, c’est ce qu’on a sous le capot."",""id"":81533},{""source"":""claude"",""original_id"":""35112"",""pun"":""Je suis mû par ce qui est en moi — et ce moteur, il tourne rond."",""id"":84433},{""source"":""gemini"",""original_id"":""29825"",""pun"":""Les voitures électriques n'ont pas de piston, elles n'ont que des relations."",""id"":72930}]"	pooled_rankings	"{""comedian"":100.0,""pun_expert"":0.0,""editor"":0.0,""translator"":0.0}"	"{""claude"":25.0,""gemini_pro"":25.0,""gpt"":25.0}"	"{""72930"":30000.0,""11773"":17500.0,""84433"":15000.0,""81533"":12500.0}"	"[{""id"":72930,""source"":""gemini"",""original_id"":""29825"",""score"":30000.0,""pun"":""Les voitures électriques n'ont pas de piston, elles n'ont que des relations.""},{""id"":11773,""source"":""gemini_pro_single"",""original_id"":"""",""score"":17500.0,""pun"":""C'est ce qu'on a dans le ventre qui nous fait avancer.""},{""id"":84433,""source"":""claude"",""original_id"":""35112"",""score"":15000.0,""pun"":""Je suis mû par ce qui est en moi — et ce moteur, il tourne rond.""},{""id"":81533,""source"":""gpt_single"",""original_id"":"""",""score"":12500.0,""pun"":""Ce qui nous fait avancer, c’est ce qu’on a sous le capot.""}]"	72930	gemini	29825	Les voitures électriques n'ont pas de piston, elles n'ont que des relations.	30000.0		discriminator_run2_v4
905	Driven by you.	"[{""source"":""claude"",""original_id"":""99959"",""pun"":""On dit que je suis animé par mes convictions. Ma voiture, elle, est animée par sans-plomb 95 — elle a moins de principes mais fait moins de crises."",""id"":58796},{""source"":""gpt_single"",""original_id"":"""",""pun"":""Vous êtes mon moteur : avec vous, forcément, j’avance."",""id"":89455},{""source"":""gemini_pro_single"",""original_id"":"""",""pun"":""Avec toi, je ne tombe jamais en panne, tu es mon moteur."",""id"":30330},{""source"":""gemini"",""original_id"":""25169"",""pun"":""Entre nous, c'est une relation qui roule, tu es mon carburant."",""id"":23630}]"	pooled_rankings	"{""comedian"":100.0,""pun_expert"":0.0,""editor"":0.0,""translator"":0.0}"	"{""claude"":25.0,""gemini_pro"":25.0,""gpt"":25.0}"	"{""58796"":30000.0,""23630"":22500.0,""89455"":15000.0,""30330"":7500.0}"	"[{""id"":58796,""source"":""claude"",""original_id"":""99959"",""score"":30000.0,""pun"":""On dit que je suis animé par mes convictions. Ma voiture, elle, est animée par sans-plomb 95 — elle a moins de principes mais fait moins de crises.""},{""id"":23630,""source"":""gemini"",""original_id"":""25169"",""score"":22500.0,""pun"":""Entre nous, c'est une relation qui roule, tu es mon carburant.""},{""id"":89455,""source"":""gpt_single"",""original_id"":"""",""score"":15000.0,""pun"":""Vous êtes mon moteur : avec vous, forcément, j’avance.""},{""id"":30330,""source"":""gemini_pro_single"",""original_id"":"""",""score"":7500.0,""pun"":""Avec toi, je ne tombe jamais en panne, tu es mon moteur.""}]"	58796	claude	99959	On dit que je suis animé par mes convictions. Ma voiture, elle, est animée par sans-plomb 95 — elle a moins de principes mais fait moins de crises.	30000.0		discriminator_run2_v4
906	Driven to perform.	"[{""source"":""gpt_single"",""original_id"":"""",""pun"":""Il est vraiment conduit à se produire : sans chauffeur, il ne monte jamais sur scène."",""id"":79004},{""source"":""claude"",""original_id"":""92795"",""pun"":""Je suis conduit par mes ambitions — hélas, elles n'ont pas le permis."",""id"":41499},{""source"":""gemini"",""original_id"":""30558"",""pun"":""L'acteur était tellement motivé pour son rôle de mécanicien qu'il est passé de moteur en scène à metteur en scène."",""id"":92763},{""source"":""gemini_pro_single"",""original_id"":"""",""pun"":""Ce pilote de course carbure à la performance."",""id"":19618}]"	pooled_rankings	"{""comedian"":100.0,""pun_expert"":0.0,""editor"":0.0,""translator"":0.0}"	"{""claude"":25.0,""gemini_pro"":25.0,""gpt"":25.0}"	"{""92763"":30000.0,""41499"":22500.0,""19618"":12500.0,""79004"":10000.0}"	"[{""id"":92763,""source"":""gemini"",""original_id"":""30558"",""score"":30000.0,""pun"":""L'acteur était tellement motivé pour son rôle de mécanicien qu'il est passé de moteur en scène à metteur en scène.""},{""id"":41499,""source"":""claude"",""original_id"":""92795"",""score"":22500.0,""pun"":""Je suis conduit par mes ambitions — hélas, elles n'ont pas le permis.""},{""id"":19618,""source"":""gemini_pro_single"",""original_id"":"""",""score"":12500.0,""pun"":""Ce pilote de course carbure à la performance.""},{""id"":79004,""source"":""gpt_single"",""original_id"":"""",""score"":10000.0,""pun"":""Il est vraiment conduit à se produire : sans chauffeur, il ne monte jamais sur scène.""}]"	92763	gemini	30558	L'acteur était tellement motivé pour son rôle de mécanicien qu'il est passé de moteur en scène à metteur en scène.	30000.0		discriminator_run2_v4
907	Driving a better tomorrow.	"[{""source"":""gemini_pro_single"",""original_id"":"""",""pun"":""Sur la route de demain, adoptez la bonne conduite."",""id"":95554},{""source"":""claude"",""original_id"":""55276"",""pun"":""On dit 'prendre le volant de sa vie' — moi j'ai surtout pris les embouteillages du lundi matin."",""id"":44689},{""source"":""gpt_single"",""original_id"":"""",""pun"":""La bonne conduite mène à un avenir meilleur."",""id"":49451},{""source"":""gemini"",""original_id"":""57153"",""pun"":""Le progrès, c'est comme une voiture : si tu ne passes pas la seconde, tu restes au point mort."",""id"":73569}]"	pooled_rankings	"{""comedian"":100.0,""pun_expert"":0.0,""editor"":0.0,""translator"":0.0}"	"{""claude"":25.0,""gemini_pro"":25.0,""gpt"":25.0}"	"{""44689"":27500.0,""73569"":25000.0,""95554"":15000.0,""49451"":7500.0}"	"[{""id"":44689,""source"":""claude"",""original_id"":""55276"",""score"":27500.0,""pun"":""On dit 'prendre le volant de sa vie' — moi j'ai surtout pris les embouteillages du lundi matin.""},{""id"":73569,""source"":""gemini"",""original_id"":""57153"",""score"":25000.0,""pun"":""Le progrès, c'est comme une voiture : si tu ne passes pas la seconde, tu restes au point mort.""},{""id"":95554,""source"":""gemini_pro_single"",""original_id"":"""",""score"":15000.0,""pun"":""Sur la route de demain, adoptez la bonne conduite.""},{""id"":49451,""source"":""gpt_single"",""original_id"":"""",""score"":7500.0,""pun"":""La bonne conduite mène à un avenir meilleur.""}]"	44689	claude	55276	On dit 'prendre le volant de sa vie' — moi j'ai surtout pris les embouteillages du lundi matin.	27500.0		discriminator_run2_v4
908	Driving on so many turnpikes was taking its toll.	"[{""source"":""gpt_single"",""original_id"":"""",""pun"":""Tous ces péages, à la longue, ça finit par se payer."",""id"":25680},{""source"":""gemini"",""original_id"":""76691"",""pun"":""À force de prendre l'autoroute, j'ai fini par perdre la carte."",""id"":85477},{""source"":""claude"",""original_id"":""56207"",""pun"":""L'autoroute m'a coûté une fortune. Décidément, le chemin du succès est à péage."",""id"":33870},{""source"":""gemini_pro_single"",""original_id"":"""",""pun"":""À force d'enchaîner les péages, j'ai fini par en faire les frais."",""id"":25385}]"	pooled_rankings	"{""comedian"":100.0,""pun_expert"":0.0,""editor"":0.0,""translator"":0.0}"	"{""claude"":25.0,""gemini_pro"":25.0,""gpt"":25.0}"	"{""25385"":22500.0,""25680"":20000.0,""33870"":17500.0,""85477"":15000.0}"	"[{""id"":25385,""source"":""gemini_pro_single"",""original_id"":"""",""score"":22500.0,""pun"":""À force d'enchaîner les péages, j'ai fini par en faire les frais.""},{""id"":25680,""source"":""gpt_single"",""original_id"":"""",""score"":20000.0,""pun"":""Tous ces péages, à la longue, ça finit par se payer.""},{""id"":33870,""source"":""claude"",""original_id"":""56207"",""score"":17500.0,""pun"":""L'autoroute m'a coûté une fortune. Décidément, le chemin du succès est à péage.""},{""id"":85477,""source"":""gemini"",""original_id"":""76691"",""score"":15000.0,""pun"":""À force de prendre l'autoroute, j'ai fini par perdre la carte.""}]"	25385	gemini_pro_single		À force d'enchaîner les péages, j'ai fini par en faire les frais.	22500.0		discriminator_run2_v4
909	Driving with one headlight isn't very bright.	"[{""source"":""gemini"",""original_id"":""90329"",""pun"":""Un électricien qui oublie de s'éclairer, c'est un comble : il n'est pas très au courant."",""id"":38059},{""source"":""gpt_single"",""original_id"":"""",""pun"":""Conduire avec un seul phare, ce n’est pas très brillant."",""id"":63230},{""source"":""claude"",""original_id"":""31255"",""pun"":""Conduire avec un seul phare, ce n'est pas très éclairé."",""id"":58082},{""source"":""gemini_pro_single"",""original_id"":"""",""pun"":""Conduire avec un seul phare, ce n'est pas très brillant."",""id"":45846}]"	pooled_rankings	"{""comedian"":100.0,""pun_expert"":0.0,""editor"":0.0,""translator"":0.0}"	"{""claude"":25.0,""gemini_pro"":25.0,""gpt"":25.0}"	"{""38059"":30000.0,""63230"":22500.0,""45846"":15000.0,""58082"":7500.0}"	"[{""id"":38059,""source"":""gemini"",""original_id"":""90329"",""score"":30000.0,""pun"":""Un électricien qui oublie de s'éclairer, c'est un comble : il n'est pas très au courant.""},{""id"":63230,""source"":""gpt_single"",""original_id"":"""",""score"":22500.0,""pun"":""Conduire avec un seul phare, ce n’est pas très brillant.""},{""id"":45846,""source"":""gemini_pro_single"",""original_id"":"""",""score"":15000.0,""pun"":""Conduire avec un seul phare, ce n'est pas très brillant.""},{""id"":58082,""source"":""claude"",""original_id"":""31255"",""score"":7500.0,""pun"":""Conduire avec un seul phare, ce n'est pas très éclairé.""}]"	38059	gemini	90329	Un électricien qui oublie de s'éclairer, c'est un comble : il n'est pas très au courant.	30000.0		discriminator_run2_v4
910	Dry cleaners are often pressed for time.	"[{""source"":""claude"",""original_id"":""19632"",""pun"":""Le pressing est toujours sous pression."",""id"":51662},{""source"":""gemini_pro_single"",""original_id"":"""",""pun"":""Au pressing, on travaille souvent sous pression."",""id"":52764},{""source"":""gemini"",""original_id"":""28828"",""pun"":""Les employés du pressing travaillent toujours sous pression."",""id"":94268},{""source"":""gpt_single"",""original_id"":"""",""pun"":""Au pressing, les vêtements sont pressés, et le patron aussi."",""id"":64743}]"	pooled_rankings	"{""comedian"":100.0,""pun_expert"":0.0,""editor"":0.0,""translator"":0.0}"	"{""claude"":25.0,""gemini_pro"":25.0,""gpt"":25.0}"	"{""64743"":30000.0,""51662"":17500.0,""52764"":15000.0,""94268"":12500.0}"	"[{""id"":64743,""source"":""gpt_single"",""original_id"":"""",""score"":30000.0,""pun"":""Au pressing, les vêtements sont pressés, et le patron aussi.""},{""id"":51662,""source"":""claude"",""original_id"":""19632"",""score"":17500.0,""pun"":""Le pressing est toujours sous pression.""},{""id"":52764,""source"":""gemini_pro_single"",""original_id"":"""",""score"":15000.0,""pun"":""Au pressing, on travaille souvent sous pression.""},{""id"":94268,""source"":""gemini"",""original_id"":""28828"",""score"":12500.0,""pun"":""Les employés du pressing travaillent toujours sous pression.""}]"	64743	gpt_single		Au pressing, les vêtements sont pressés, et le patron aussi.	30000.0		discriminator_run2_v4
911	Ducks don't have their palms read-they look for it on the web.	"[{""source"":""gemini"",""original_id"":""13200"",""pun"":""Pourquoi les canards n'utilisent-ils pas Google ? Parce qu'ils ont déjà DuckDuckGo."",""id"":45785},{""source"":""claude"",""original_id"":""62898"",""pun"":""Pourquoi le canard est-il si doué sur internet ? Parce qu'il est né avec des palmes et sait naviguer."",""id"":81608},{""source"":""gpt_single"",""original_id"":"""",""pun"":""Les canards ne se font pas lire les palmes : leur avenir, ils le cherchent sur la Toile."",""id"":75035},{""source"":""gemini_pro_single"",""original_id"":"""",""pun"":""Les canards ne se font pas lire les lignes de la main, ils préfèrent chercher leur avenir sur la toile."",""id"":43430}]"	pooled_rankings	"{""comedian"":100.0,""pun_expert"":0.0,""editor"":0.0,""translator"":0.0}"	"{""claude"":25.0,""gemini_pro"":25.0,""gpt"":25.0}"	"{""45785"":27500.0,""81608"":25000.0,""75035"":12500.0,""43430"":10000.0}"	"[{""id"":45785,""source"":""gemini"",""original_id"":""13200"",""score"":27500.0,""pun"":""Pourquoi les canards n'utilisent-ils pas Google ? Parce qu'ils ont déjà DuckDuckGo.""},{""id"":81608,""source"":""claude"",""original_id"":""62898"",""score"":25000.0,""pun"":""Pourquoi le canard est-il si doué sur internet ? Parce qu'il est né avec des palmes et sait naviguer.""},{""id"":75035,""source"":""gpt_single"",""original_id"":"""",""score"":12500.0,""pun"":""Les canards ne se font pas lire les palmes : leur avenir, ils le cherchent sur la Toile.""},{""id"":43430,""source"":""gemini_pro_single"",""original_id"":"""",""score"":10000.0,""pun"":""Les canards ne se font pas lire les lignes de la main, ils préfèrent chercher leur avenir sur la toile.""}]"	45785	gemini	13200	Pourquoi les canards n'utilisent-ils pas Google ? Parce qu'ils ont déjà DuckDuckGo.	27500.0		discriminator_run2_v4
912	Due to inclement weather, the sandwich shop wrapped up early Tuesday night.	"[{""source"":""gemini_pro_single"",""original_id"":"""",""pun"":""À cause du mauvais temps, le vendeur de wraps a vite plié boutique."",""id"":46348},{""source"":""gemini"",""original_id"":""51898"",""pun"":""Le boulanger qui fait faillite est vraiment dans le pétrin."",""id"":74654},{""source"":""claude"",""original_id"":""24920"",""pun"":""La sandwicherie a mis la clé sous la tortilla à cause des intempéries."",""id"":74457},{""source"":""gpt_single"",""original_id"":"""",""pun"":""Mardi soir, à cause du temps pourri, la sandwicherie a emballé l’affaire plus tôt que prévu."",""id"":93331}]"	pooled_rankings	"{""comedian"":100.0,""pun_expert"":0.0,""editor"":0.0,""translator"":0.0}"	"{""claude"":25.0,""gemini_pro"":25.0,""gpt"":25.0}"	"{""46348"":25000.0,""74654"":20000.0,""74457"":15000.0,""93331"":15000.0}"	"[{""id"":46348,""source"":""gemini_pro_single"",""original_id"":"""",""score"":25000.0,""pun"":""À cause du mauvais temps, le vendeur de wraps a vite plié boutique.""},{""id"":74654,""source"":""gemini"",""original_id"":""51898"",""score"":20000.0,""pun"":""Le boulanger qui fait faillite est vraiment dans le pétrin.""},{""id"":74457,""source"":""claude"",""original_id"":""24920"",""score"":15000.0,""pun"":""La sandwicherie a mis la clé sous la tortilla à cause des intempéries.""},{""id"":93331,""source"":""gpt_single"",""original_id"":"""",""score"":15000.0,""pun"":""Mardi soir, à cause du temps pourri, la sandwicherie a emballé l’affaire plus tôt que prévu.""}]"	46348	gemini_pro_single		À cause du mauvais temps, le vendeur de wraps a vite plié boutique.	25000.0		discriminator_run2_v4
913	During a recent trip to Qatar, Bill Clinton went to McDonald's and ordered fries with a sheik.	"[{""source"":""claude"",""original_id"":""46671"",""pun"":""Clinton au Qatar : 'Je voudrais des frites et un milk-shake.' Le caissier : 'Vous voulez dire un milk-sheik, monsieur le président ?'"",""id"":37813},{""source"":""gemini"",""original_id"":""88441"",""pun"":""Quel est le dessert préféré des dirigeants du Qatar ? Le Milk-Sheik."",""id"":59167},{""source"":""gemini_pro_single"",""original_id"":"""",""pun"":""Lors de son voyage au Qatar, il est allé au McDo et a commandé des frites avec un milk-cheikh."",""id"":70969},{""source"":""gpt_single"",""original_id"":"""",""pun"":""Au McDo de Doha, Clinton a commandé des frites avec un cheikh : le seul milk-shake servi en robe blanche."",""id"":65913}]"	pooled_rankings	"{""comedian"":100.0,""pun_expert"":0.0,""editor"":0.0,""translator"":0.0}"	"{""claude"":25.0,""gemini_pro"":25.0,""gpt"":25.0}"	"{""37813"":20000.0,""59167"":20000.0,""65913"":20000.0,""70969"":15000.0}"	"[{""id"":37813,""source"":""claude"",""original_id"":""46671"",""score"":20000.0,""pun"":""Clinton au Qatar : 'Je voudrais des frites et un milk-shake.' Le caissier : 'Vous voulez dire un milk-sheik, monsieur le président ?'""},{""id"":59167,""source"":""gemini"",""original_id"":""88441"",""score"":20000.0,""pun"":""Quel est le dessert préféré des dirigeants du Qatar ? Le Milk-Sheik.""},{""id"":65913,""source"":""gpt_single"",""original_id"":"""",""score"":20000.0,""pun"":""Au McDo de Doha, Clinton a commandé des frites avec un cheikh : le seul milk-shake servi en robe blanche.""},{""id"":70969,""source"":""gemini_pro_single"",""original_id"":"""",""score"":15000.0,""pun"":""Lors de son voyage au Qatar, il est allé au McDo et a commandé des frites avec un milk-cheikh.""}]"	37813	claude	46671	Clinton au Qatar : 'Je voudrais des frites et un milk-shake.' Le caissier : 'Vous voulez dire un milk-sheik, monsieur le président ?'	20000.0		discriminator_run2_v4
914	During a tennis match one player gave the other a backhanded compliment.	"[{""source"":""gemini"",""original_id"":""95673"",""pun"":""Au tennis, les joueurs de fond de court sont très polis : ils font toujours des revers de la main."",""id"":66358},{""source"":""gpt_single"",""original_id"":"""",""pun"":""Au tennis, il lui a lancé un compliment du revers de la raquette : ça avait l’air fair-play, mais ça claquait comme une gifle."",""id"":25828},{""source"":""gemini_pro_single"",""original_id"":"""",""pun"":""Pendant le match, ce faux compliment lui a fait l'effet d'un revers cinglant."",""id"":50117},{""source"":""claude"",""original_id"":""70523"",""pun"":""Il lui a glissé un compliment en revers — comme au tennis, ça part d'un côté et ça revient de l'autre."",""id"":85846}]"	pooled_rankings	"{""comedian"":100.0,""pun_expert"":0.0,""editor"":0.0,""translator"":0.0}"	"{""claude"":25.0,""gemini_pro"":25.0,""gpt"":25.0}"	"{""25828"":25000.0,""50117"":20000.0,""66358"":17500.0,""85846"":12500.0}"	"[{""id"":25828,""source"":""gpt_single"",""original_id"":"""",""score"":25000.0,""pun"":""Au tennis, il lui a lancé un compliment du revers de la raquette : ça avait l’air fair-play, mais ça claquait comme une gifle.""},{""id"":50117,""source"":""gemini_pro_single"",""original_id"":"""",""score"":20000.0,""pun"":""Pendant le match, ce faux compliment lui a fait l'effet d'un revers cinglant.""},{""id"":66358,""source"":""gemini"",""original_id"":""95673"",""score"":17500.0,""pun"":""Au tennis, les joueurs de fond de court sont très polis : ils font toujours des revers de la main.""},{""id"":85846,""source"":""claude"",""original_id"":""70523"",""score"":12500.0,""pun"":""Il lui a glissé un compliment en revers — comme au tennis, ça part d'un côté et ça revient de l'autre.""}]"	25828	gpt_single		Au tennis, il lui a lancé un compliment du revers de la raquette : ça avait l’air fair-play, mais ça claquait comme une gifle.	25000.0		discriminator_run2_v4
915	During his lifetime, the composer Bach was a noted success.	"[{""source"":""gpt_single"",""original_id"":"""",""pun"":""Bach a cartonné de son vivant : forcément, il avait déjà tout le monde derrière lui."",""id"":40076},{""source"":""gemini"",""original_id"":""31331"",""pun"":""Comment appelle-t-on un compositeur qui a du mal à finir ses morceaux ? Un Bach-lée."",""id"":55248},{""source"":""gemini_pro_single"",""original_id"":"""",""pun"":""Jean-Sébastien était un élève brillant en musique : il a toujours eu de très bonnes notes à son Bach."",""id"":43476},{""source"":""claude"",""original_id"":""14172"",""pun"":""De son vivant, Bach avait vraiment du dos : tout le monde lui tournait le dos, mais il nous a tous eu dans le dos !"",""id"":62862}]"	pooled_rankings	"{""comedian"":100.0,""pun_expert"":0.0,""editor"":0.0,""translator"":0.0}"	"{""claude"":25.0,""gemini_pro"":25.0,""gpt"":25.0}"	"{""43476"":25000.0,""40076"":20000.0,""55248"":17500.0,""62862"":12500.0}"	"[{""id"":43476,""source"":""gemini_pro_single"",""original_id"":"""",""score"":25000.0,""pun"":""Jean-Sébastien était un élève brillant en musique : il a toujours eu de très bonnes notes à son Bach.""},{""id"":40076,""source"":""gpt_single"",""original_id"":"""",""score"":20000.0,""pun"":""Bach a cartonné de son vivant : forcément, il avait déjà tout le monde derrière lui.""},{""id"":55248,""source"":""gemini"",""original_id"":""31331"",""score"":17500.0,""pun"":""Comment appelle-t-on un compositeur qui a du mal à finir ses morceaux ? Un Bach-lée.""},{""id"":62862,""source"":""claude"",""original_id"":""14172"",""score"":12500.0,""pun"":""De son vivant, Bach avait vraiment du dos : tout le monde lui tournait le dos, mais il nous a tous eu dans le dos !""}]"	43476	gemini_pro_single		Jean-Sébastien était un élève brillant en musique : il a toujours eu de très bonnes notes à son Bach.	25000.0		discriminator_run2_v4
916	During my trip to Italy, I didn't do much. I just vegged out. When in Rome, do as the Romaines.	"[{""source"":""gemini"",""original_id"":""37088"",""pun"":""Pourquoi les salades romaines ne sont-elles jamais seules ? Car elles sont en colonie."",""id"":81931},{""source"":""gpt_single"",""original_id"":"""",""pun"":""À Rome, j’ai fait comme les romaines : je suis resté en salade."",""id"":92633},{""source"":""claude"",""original_id"":""10627"",""pun"":""J'ai passé mes vacances à Rome à ne rien faire et à manger de la salade. Comme quoi, quand on est à Rome, on fait comme les Romaines — on se met au vert."",""id"":16643},{""source"":""gemini_pro_single"",""original_id"":"""",""pun"":""En Italie, je n'ai mangé que de la salade. Comme on dit : à Rome, fais comme les Romaines."",""id"":48404}]"	pooled_rankings	"{""comedian"":100.0,""pun_expert"":0.0,""editor"":0.0,""translator"":0.0}"	"{""claude"":25.0,""gemini_pro"":25.0,""gpt"":25.0}"	"{""16643"":30000.0,""48404"":22500.0,""81931"":12500.0,""92633"":10000.0}"	"[{""id"":16643,""source"":""claude"",""original_id"":""10627"",""score"":30000.0,""pun"":""J'ai passé mes vacances à Rome à ne rien faire et à manger de la salade. Comme quoi, quand on est à Rome, on fait comme les Romaines — on se met au vert.""},{""id"":48404,""source"":""gemini_pro_single"",""original_id"":"""",""score"":22500.0,""pun"":""En Italie, je n'ai mangé que de la salade. Comme on dit : à Rome, fais comme les Romaines.""},{""id"":81931,""source"":""gemini"",""original_id"":""37088"",""score"":12500.0,""pun"":""Pourquoi les salades romaines ne sont-elles jamais seules ? Car elles sont en colonie.""},{""id"":92633,""source"":""gpt_single"",""original_id"":"""",""score"":10000.0,""pun"":""À Rome, j’ai fait comme les romaines : je suis resté en salade.""}]"	16643	claude	10627	J'ai passé mes vacances à Rome à ne rien faire et à manger de la salade. Comme quoi, quand on est à Rome, on fait comme les Romaines — on se met au vert.	30000.0		discriminator_run2_v4
917	During the meeting about earthquakes, there were several motions.	"[{""source"":""gemini"",""original_id"":""31808"",""pun"":""Lors du sommet sur les sédiments, les géologues se sont enfin posés."",""id"":68093},{""source"":""gpt_single"",""original_id"":"""",""pun"":""À la réunion sur les séismes, les motions se votaient à main tremblante."",""id"":32893},{""source"":""claude"",""original_id"":""80381"",""pun"":""Lors de la réunion sur les séismes, les motions ont vraiment fait vibrer l'assemblée."",""id"":81799},{""source"":""gemini_pro_single"",""original_id"":"""",""pun"":""Pendant la réunion sur les séismes, plusieurs failles ont été relevées."",""id"":43443}]"	pooled_rankings	"{""comedian"":100.0,""pun_expert"":0.0,""editor"":0.0,""translator"":0.0}"	"{""claude"":25.0,""gemini_pro"":25.0,""gpt"":25.0}"	"{""43443"":30000.0,""81799"":17500.0,""32893"":15000.0,""68093"":12500.0}"	"[{""id"":43443,""source"":""gemini_pro_single"",""original_id"":"""",""score"":30000.0,""pun"":""Pendant la réunion sur les séismes, plusieurs failles ont été relevées.""},{""id"":81799,""source"":""claude"",""original_id"":""80381"",""score"":17500.0,""pun"":""Lors de la réunion sur les séismes, les motions ont vraiment fait vibrer l'assemblée.""},{""id"":32893,""source"":""gpt_single"",""original_id"":"""",""score"":15000.0,""pun"":""À la réunion sur les séismes, les motions se votaient à main tremblante.""},{""id"":68093,""source"":""gemini"",""original_id"":""31808"",""score"":12500.0,""pun"":""Lors du sommet sur les sédiments, les géologues se sont enfin posés.""}]"	43443	gemini_pro_single		Pendant la réunion sur les séismes, plusieurs failles ont été relevées.	30000.0		discriminator_run2_v4
918	During the trial, a lawyer objected to the audiologist's testimony, calling it hearsay.	"[{""source"":""gemini_pro_single"",""original_id"":"""",""pun"":""Lors du procès, l'avocat s'est opposé au témoignage de l'audiologiste, le qualifiant de simple ouï-dire."",""id"":39843},{""source"":""claude"",""original_id"":""48226"",""pun"":""L'audiologiste a voulu témoigner au tribunal, mais l'avocat a crié : 'Objection ! C'est du ouï-dire !' Le juge a répondu : 'Bien sûr, c'est son métier !'"",""id"":22559},{""source"":""gpt_single"",""original_id"":"""",""pun"":""Au procès, l’avocat a coupé l’audiologue : « Monsieur le Président, ce n’est que de l’ouïe-dire ! »"",""id"":12788},{""source"":""gemini"",""original_id"":""19273"",""pun"":""L'avocat de l'ORL a plaidé que son client n'était pas coupable, c'était juste un mal-entendu."",""id"":72552}]"	pooled_rankings	"{""comedian"":100.0,""pun_expert"":0.0,""editor"":0.0,""translator"":0.0}"	"{""claude"":25.0,""gemini_pro"":25.0,""gpt"":25.0}"	"{""22559"":22500.0,""72552"":20000.0,""12788"":17500.0,""39843"":15000.0}"	"[{""id"":22559,""source"":""claude"",""original_id"":""48226"",""score"":22500.0,""pun"":""L'audiologiste a voulu témoigner au tribunal, mais l'avocat a crié : 'Objection ! C'est du ouï-dire !' Le juge a répondu : 'Bien sûr, c'est son métier !'""},{""id"":72552,""source"":""gemini"",""original_id"":""19273"",""score"":20000.0,""pun"":""L'avocat de l'ORL a plaidé que son client n'était pas coupable, c'était juste un mal-entendu.""},{""id"":12788,""source"":""gpt_single"",""original_id"":"""",""score"":17500.0,""pun"":""Au procès, l’avocat a coupé l’audiologue : « Monsieur le Président, ce n’est que de l’ouïe-dire ! »""},{""id"":39843,""source"":""gemini_pro_single"",""original_id"":"""",""score"":15000.0,""pun"":""Lors du procès, l'avocat s'est opposé au témoignage de l'audiologiste, le qualifiant de simple ouï-dire.""}]"	22559	claude	48226	L'audiologiste a voulu témoigner au tribunal, mais l'avocat a crié : 'Objection ! C'est du ouï-dire !' Le juge a répondu : 'Bien sûr, c'est son métier !'	22500.0		discriminator_run2_v4
919	Dutch shoes used to be made in a factory machine, until it got clogged up.	"[{""source"":""gpt_single"",""original_id"":"""",""pun"":""L’usine néerlandaise de sabots a calé : la machine était sabotée."",""id"":72750},{""source"":""gemini_pro_single"",""original_id"":"""",""pun"":""L'usine de chaussures hollandaises marchait très bien, jusqu'à ce que la machine soit sabotée."",""id"":75508},{""source"":""gemini"",""original_id"":""23982"",""pun"":""Le vieux sabotier est fatigué, il a besoin de se mettre au bouleau."",""id"":19777},{""source"":""claude"",""original_id"":""56409"",""pun"":""La fabrique de sabots a fermé : la chaîne était complètement sabot-ée."",""id"":24831}]"	pooled_rankings	"{""comedian"":100.0,""pun_expert"":0.0,""editor"":0.0,""translator"":0.0}"	"{""claude"":25.0,""gemini_pro"":25.0,""gpt"":25.0}"	"{""75508"":27500.0,""72750"":25000.0,""19777"":12500.0,""24831"":10000.0}"	"[{""id"":75508,""source"":""gemini_pro_single"",""original_id"":"""",""score"":27500.0,""pun"":""L'usine de chaussures hollandaises marchait très bien, jusqu'à ce que la machine soit sabotée.""},{""id"":72750,""source"":""gpt_single"",""original_id"":"""",""score"":25000.0,""pun"":""L’usine néerlandaise de sabots a calé : la machine était sabotée.""},{""id"":19777,""source"":""gemini"",""original_id"":""23982"",""score"":12500.0,""pun"":""Le vieux sabotier est fatigué, il a besoin de se mettre au bouleau.""},{""id"":24831,""source"":""claude"",""original_id"":""56409"",""score"":10000.0,""pun"":""La fabrique de sabots a fermé : la chaîne était complètement sabot-ée.""}]"	75508	gemini_pro_single		L'usine de chaussures hollandaises marchait très bien, jusqu'à ce que la machine soit sabotée.	27500.0		discriminator_run2_v4
920	Early nuclear experimenters discovered an element of surprise.	"[{""source"":""claude"",""original_id"":""30308"",""pun"":""Les premiers chercheurs en nucléaire ont découvert un élément de surprise dans le tableau périodique... et dans leur laboratoire."",""id"":84833},{""source"":""gpt_single"",""original_id"":"""",""pun"":""Dans les premiers labos nucléaires, l’élément le plus instable, c’était l’élément de surprise."",""id"":92462},{""source"":""gemini_pro_single"",""original_id"":"""",""pun"":""En divisant l'atome, les physiciens ont découvert un nouvel élément de surprise."",""id"":20175},{""source"":""gemini"",""original_id"":""59372"",""pun"":""Le photon ne prend jamais de valise, il voyage toujours léger."",""id"":87300}]"	pooled_rankings	"{""comedian"":100.0,""pun_expert"":0.0,""editor"":0.0,""translator"":0.0}"	"{""claude"":25.0,""gemini_pro"":25.0,""gpt"":25.0}"	"{""87300"":25000.0,""92462"":25000.0,""20175"":17500.0,""84833"":7500.0}"	"[{""id"":87300,""source"":""gemini"",""original_id"":""59372"",""score"":25000.0,""pun"":""Le photon ne prend jamais de valise, il voyage toujours léger.""},{""id"":92462,""source"":""gpt_single"",""original_id"":"""",""score"":25000.0,""pun"":""Dans les premiers labos nucléaires, l’élément le plus instable, c’était l’élément de surprise.""},{""id"":20175,""source"":""gemini_pro_single"",""original_id"":"""",""score"":17500.0,""pun"":""En divisant l'atome, les physiciens ont découvert un nouvel élément de surprise.""},{""id"":84833,""source"":""claude"",""original_id"":""30308"",""score"":7500.0,""pun"":""Les premiers chercheurs en nucléaire ont découvert un élément de surprise dans le tableau périodique... et dans leur laboratoire.""}]"	87300	gemini	59372	Le photon ne prend jamais de valise, il voyage toujours léger.	25000.0		discriminator_run2_v4
921	Early stone tools had many problems that were eventually ironed out.	"[{""source"":""gemini_pro_single"",""original_id"":"""",""pun"":""Les premiers outils en pierre avaient de nombreux défauts : il manquait encore le savoir-fer."",""id"":47530},{""source"":""gemini"",""original_id"":""55353"",""pun"":""Les inventeurs du fer étaient des génies, ils avaient un mental d'acier."",""id"":34923},{""source"":""gpt_single"",""original_id"":"""",""pun"":""Au début, les outils en pierre avaient des accrocs ; puis l’âge du fer a tout repassé."",""id"":91494},{""source"":""claude"",""original_id"":""59548"",""pun"":""Les premiers outils en pierre avaient des défauts, mais on les a tous repassés… à l'âge du fer, forcément."",""id"":61589}]"	pooled_rankings	"{""comedian"":100.0,""pun_expert"":0.0,""editor"":0.0,""translator"":0.0}"	"{""claude"":25.0,""gemini_pro"":25.0,""gpt"":25.0}"	"{""47530"":25000.0,""91494"":25000.0,""61589"":17500.0,""34923"":7500.0}"	"[{""id"":47530,""source"":""gemini_pro_single"",""original_id"":"""",""score"":25000.0,""pun"":""Les premiers outils en pierre avaient de nombreux défauts : il manquait encore le savoir-fer.""},{""id"":91494,""source"":""gpt_single"",""original_id"":"""",""score"":25000.0,""pun"":""Au début, les outils en pierre avaient des accrocs ; puis l’âge du fer a tout repassé.""},{""id"":61589,""source"":""claude"",""original_id"":""59548"",""score"":17500.0,""pun"":""Les premiers outils en pierre avaient des défauts, mais on les a tous repassés… à l'âge du fer, forcément.""},{""id"":34923,""source"":""gemini"",""original_id"":""55353"",""score"":7500.0,""pun"":""Les inventeurs du fer étaient des génies, ils avaient un mental d'acier.""}]"	47530	gemini_pro_single		Les premiers outils en pierre avaient de nombreux défauts : il manquait encore le savoir-fer.	25000.0		discriminator_run2_v4
922	Eating oysters can help you increase your mussel tone.	"[{""source"":""claude"",""original_id"":""12495"",""pun"":""Mon médecin m'a prescrit des moules trois fois par semaine. Maintenant je suis le seul patient à sentir la mer à la salle de sport."",""id"":39203},{""source"":""gemini"",""original_id"":""17923"",""pun"":""Quel est le fruit de mer le plus costaud ? La moule-te-musclée."",""id"":46574},{""source"":""gpt_single"",""original_id"":"""",""pun"":""Pour des muscles bien moulés, mange des moules."",""id"":76577},{""source"":""gemini_pro_single"",""original_id"":"""",""pun"":""Manger des huîtres, c'est excellent pour entretenir son tonus mollusculaire !"",""id"":74468}]"	pooled_rankings	"{""comedian"":100.0,""pun_expert"":0.0,""editor"":0.0,""translator"":0.0}"	"{""claude"":25.0,""gemini_pro"":25.0,""gpt"":25.0}"	"{""39203"":27500.0,""74468"":20000.0,""76577"":15000.0,""46574"":12500.0}"	"[{""id"":39203,""source"":""claude"",""original_id"":""12495"",""score"":27500.0,""pun"":""Mon médecin m'a prescrit des moules trois fois par semaine. Maintenant je suis le seul patient à sentir la mer à la salle de sport.""},{""id"":74468,""source"":""gemini_pro_single"",""original_id"":"""",""score"":20000.0,""pun"":""Manger des huîtres, c'est excellent pour entretenir son tonus mollusculaire !""},{""id"":76577,""source"":""gpt_single"",""original_id"":"""",""score"":15000.0,""pun"":""Pour des muscles bien moulés, mange des moules.""},{""id"":46574,""source"":""gemini"",""original_id"":""17923"",""score"":12500.0,""pun"":""Quel est le fruit de mer le plus costaud ? La moule-te-musclée.""}]"	39203	claude	12495	Mon médecin m'a prescrit des moules trois fois par semaine. Maintenant je suis le seul patient à sentir la mer à la salle de sport.	27500.0		discriminator_run2_v4
923	Eating too many snacks when studying for a test is called cramming.	"[{""source"":""claude"",""original_id"":""81229"",""pun"":""Réviser la nuit, c'est le bourrage de crâne. Manger la nuit, c'est le bourrage de bidon. La veille de l'examen, je fais les deux — je suis un double major."",""id"":94237},{""source"":""gemini"",""original_id"":""28642"",""pun"":""Grignoter en révisant son examen de menuiserie, c'est ce qu'on appelle un bourrage de crâne."",""id"":24656},{""source"":""gemini_pro_single"",""original_id"":"""",""pun"":""Manger trop de snacks en révisant pour un examen, c'est ce qu'on appelle du mâchotage."",""id"":89012},{""source"":""gpt_single"",""original_id"":"""",""pun"":""Pour le contrôle, j’ai pris le bachotage au pied de la lettre : je me suis bourré le crâne… et de chips."",""id"":93602}]"	pooled_rankings	"{""comedian"":100.0,""pun_expert"":0.0,""editor"":0.0,""translator"":0.0}"	"{""claude"":25.0,""gemini_pro"":25.0,""gpt"":25.0}"	"{""93602"":27500.0,""94237"":22500.0,""89012"":15000.0,""24656"":10000.0}"	"[{""id"":93602,""source"":""gpt_single"",""original_id"":"""",""score"":27500.0,""pun"":""Pour le contrôle, j’ai pris le bachotage au pied de la lettre : je me suis bourré le crâne… et de chips.""},{""id"":94237,""source"":""claude"",""original_id"":""81229"",""score"":22500.0,""pun"":""Réviser la nuit, c'est le bourrage de crâne. Manger la nuit, c'est le bourrage de bidon. La veille de l'examen, je fais les deux — je suis un double major.""},{""id"":89012,""source"":""gemini_pro_single"",""original_id"":"""",""score"":15000.0,""pun"":""Manger trop de snacks en révisant pour un examen, c'est ce qu'on appelle du mâchotage.""},{""id"":24656,""source"":""gemini"",""original_id"":""28642"",""score"":10000.0,""pun"":""Grignoter en révisant son examen de menuiserie, c'est ce qu'on appelle un bourrage de crâne.""}]"	93602	gpt_single		Pour le contrôle, j’ai pris le bachotage au pied de la lettre : je me suis bourré le crâne… et de chips.	27500.0		discriminator_run2_v4
924	"""Eating uranium makes me feel funny,"" he said radiantly."	"[{""source"":""claude"",""original_id"":""88441"",""pun"":""« Manger de l'uranium me rend bizarre », dit-il d'un air rayonnant."",""id"":40476},{""source"":""gemini_pro_single"",""original_id"":"""",""pun"":""« Manger de l'uranium me fait un drôle d'effet », dit-il, tout rayonnant."",""id"":34639},{""source"":""gemini"",""original_id"":""28019"",""pun"":""Un repas à l'uranium, c'est toujours très enrichissant."",""id"":58384},{""source"":""gpt_single"",""original_id"":"""",""pun"":""« Depuis que je croque de l’uranium, j’ai une mine rayonnante », dit-il, radieux."",""id"":27267}]"	pooled_rankings	"{""comedian"":100.0,""pun_expert"":0.0,""editor"":0.0,""translator"":0.0}"	"{""claude"":25.0,""gemini_pro"":25.0,""gpt"":25.0}"	"{""27267"":27500.0,""34639"":22500.0,""58384"":15000.0,""40476"":10000.0}"	"[{""id"":27267,""source"":""gpt_single"",""original_id"":"""",""score"":27500.0,""pun"":""« Depuis que je croque de l’uranium, j’ai une mine rayonnante », dit-il, radieux.""},{""id"":34639,""source"":""gemini_pro_single"",""original_id"":"""",""score"":22500.0,""pun"":""« Manger de l'uranium me fait un drôle d'effet », dit-il, tout rayonnant.""},{""id"":58384,""source"":""gemini"",""original_id"":""28019"",""score"":15000.0,""pun"":""Un repas à l'uranium, c'est toujours très enrichissant.""},{""id"":40476,""source"":""claude"",""original_id"":""88441"",""score"":10000.0,""pun"":""« Manger de l'uranium me rend bizarre », dit-il d'un air rayonnant.""}]"	27267	gpt_single		« Depuis que je croque de l’uranium, j’ai une mine rayonnante », dit-il, radieux.	27500.0		discriminator_run2_v4
925	"""Eating uranium makes me feel funny,"" he said radiantly."	"[{""source"":""gemini_pro_single"",""original_id"":"""",""pun"":""« Ce régime à l'uranium me réussit à merveille », dit-il en rayonnant."",""id"":70305},{""source"":""gpt_single"",""original_id"":"""",""pun"":""Manger de l’uranium, ça me fait rayonner de bonheur."",""id"":25036},{""source"":""gemini"",""original_id"":""54344"",""pun"":""On ne peut jamais faire confiance aux atomes, ils inventent tout !"",""id"":75418},{""source"":""claude"",""original_id"":""12419"",""pun"":""— Je mange de l'uranium depuis des années. Je n'ai jamais été aussi radieux."",""id"":30507}]"	pooled_rankings	"{""comedian"":100.0,""pun_expert"":0.0,""editor"":0.0,""translator"":0.0}"	"{""claude"":25.0,""gemini_pro"":25.0,""gpt"":25.0}"	"{""30507"":27500.0,""70305"":22500.0,""25036"":17500.0,""75418"":7500.0}"	"[{""id"":30507,""source"":""claude"",""original_id"":""12419"",""score"":27500.0,""pun"":""— Je mange de l'uranium depuis des années. Je n'ai jamais été aussi radieux.""},{""id"":70305,""source"":""gemini_pro_single"",""original_id"":"""",""score"":22500.0,""pun"":""« Ce régime à l'uranium me réussit à merveille », dit-il en rayonnant.""},{""id"":25036,""source"":""gpt_single"",""original_id"":"""",""score"":17500.0,""pun"":""Manger de l’uranium, ça me fait rayonner de bonheur.""},{""id"":75418,""source"":""gemini"",""original_id"":""54344"",""score"":7500.0,""pun"":""On ne peut jamais faire confiance aux atomes, ils inventent tout !""}]"	30507	claude	12419	— Je mange de l'uranium depuis des années. Je n'ai jamais été aussi radieux.	27500.0		discriminator_run2_v4
926	Edison thought it would be an illuminating experience.	"[{""source"":""gpt_single"",""original_id"":"""",""pun"":""Edison a trouvé l’expérience très éclairante : forcément, ça lui a allumé l’ampoule."",""id"":23752},{""source"":""gemini_pro_single"",""original_id"":"""",""pun"":""Edison pensait que cette expérience serait éclairante."",""id"":88172},{""source"":""gemini"",""original_id"":""21132"",""pun"":""Edison était un patron brillant, il savait mettre ses employés au courant."",""id"":73616},{""source"":""claude"",""original_id"":""75007"",""pun"":""Edison pensait que ce serait une expérience lumineuse. Il ne s'attendait pas à se faire griller."",""id"":79368}]"	pooled_rankings	"{""comedian"":100.0,""pun_expert"":0.0,""editor"":0.0,""translator"":0.0}"	"{""claude"":25.0,""gemini_pro"":25.0,""gpt"":25.0}"	"{""73616"":25000.0,""79368"":22500.0,""23752"":17500.0,""88172"":10000.0}"	"[{""id"":73616,""source"":""gemini"",""original_id"":""21132"",""score"":25000.0,""pun"":""Edison était un patron brillant, il savait mettre ses employés au courant.""},{""id"":79368,""source"":""claude"",""original_id"":""75007"",""score"":22500.0,""pun"":""Edison pensait que ce serait une expérience lumineuse. Il ne s'attendait pas à se faire griller.""},{""id"":23752,""source"":""gpt_single"",""original_id"":"""",""score"":17500.0,""pun"":""Edison a trouvé l’expérience très éclairante : forcément, ça lui a allumé l’ampoule.""},{""id"":88172,""source"":""gemini_pro_single"",""original_id"":"""",""score"":10000.0,""pun"":""Edison pensait que cette expérience serait éclairante.""}]"	73616	gemini	21132	Edison était un patron brillant, il savait mettre ses employés au courant.	25000.0		discriminator_run2_v4
927	Elephants will toil all day, and they work for peanuts.	"[{""source"":""gpt_single"",""original_id"":"""",""pun"":""Les éléphants bossent toute la journée pour des cacahuètes : c’est le seul salaire qu’ils peuvent grignoter avec la trompe."",""id"":71427},{""source"":""claude"",""original_id"":""12093"",""pun"":""Le syndicat des éléphants a déposé un préavis de grève : ils en ont ras la trompe de travailler pour des cacahuètes."",""id"":19191},{""source"":""gemini_pro_single"",""original_id"":"""",""pun"":""Les éléphants triment toute la journée, mais ils bossent pour des cacahuètes."",""id"":80472},{""source"":""gemini"",""original_id"":""27841"",""pun"":""L'éléphant stagiaire ne reçoit que des arachides, il trouve ça trompeur."",""id"":44000}]"	pooled_rankings	"{""comedian"":100.0,""pun_expert"":0.0,""editor"":0.0,""translator"":0.0}"	"{""claude"":25.0,""gemini_pro"":25.0,""gpt"":25.0}"	"{""19191"":30000.0,""71427"":20000.0,""80472"":15000.0,""44000"":10000.0}"	"[{""id"":19191,""source"":""claude"",""original_id"":""12093"",""score"":30000.0,""pun"":""Le syndicat des éléphants a déposé un préavis de grève : ils en ont ras la trompe de travailler pour des cacahuètes.""},{""id"":71427,""source"":""gpt_single"",""original_id"":"""",""score"":20000.0,""pun"":""Les éléphants bossent toute la journée pour des cacahuètes : c’est le seul salaire qu’ils peuvent grignoter avec la trompe.""},{""id"":80472,""source"":""gemini_pro_single"",""original_id"":"""",""score"":15000.0,""pun"":""Les éléphants triment toute la journée, mais ils bossent pour des cacahuètes.""},{""id"":44000,""source"":""gemini"",""original_id"":""27841"",""score"":10000.0,""pun"":""L'éléphant stagiaire ne reçoit que des arachides, il trouve ça trompeur.""}]"	19191	claude	12093	Le syndicat des éléphants a déposé un préavis de grève : ils en ont ras la trompe de travailler pour des cacahuètes.	30000.0		discriminator_run2_v4
928	Elevators terrify me. I'm taking steps to avoid them.	"[{""source"":""gpt_single"",""original_id"":"""",""pun"":""Les ascenseurs me terrorisent : passer à l’escalier, c’est déjà un grand pas."",""id"":52442},{""source"":""gemini"",""original_id"":""56855"",""pun"":""Ma peur des ascenseurs s'est aggravée, j'ai dû franchir un nouveau palier."",""id"":46249},{""source"":""gemini_pro_single"",""original_id"":"""",""pun"":""Les ascenseurs me terrifient. Pour les éviter, je m'en tiens à la marche à suivre."",""id"":12618},{""source"":""claude"",""original_id"":""22101"",""pun"":""J'ai une phobie des ascenseurs. Je prends les choses marche par marche."",""id"":20953}]"	pooled_rankings	"{""comedian"":100.0,""pun_expert"":0.0,""editor"":0.0,""translator"":0.0}"	"{""claude"":25.0,""gemini_pro"":25.0,""gpt"":25.0}"	"{""52442"":22500.0,""46249"":20000.0,""12618"":17500.0,""20953"":15000.0}"	"[{""id"":52442,""source"":""gpt_single"",""original_id"":"""",""score"":22500.0,""pun"":""Les ascenseurs me terrorisent : passer à l’escalier, c’est déjà un grand pas.""},{""id"":46249,""source"":""gemini"",""original_id"":""56855"",""score"":20000.0,""pun"":""Ma peur des ascenseurs s'est aggravée, j'ai dû franchir un nouveau palier.""},{""id"":12618,""source"":""gemini_pro_single"",""original_id"":"""",""score"":17500.0,""pun"":""Les ascenseurs me terrifient. Pour les éviter, je m'en tiens à la marche à suivre.""},{""id"":20953,""source"":""claude"",""original_id"":""22101"",""score"":15000.0,""pun"":""J'ai une phobie des ascenseurs. Je prends les choses marche par marche.""}]"	52442	gpt_single		Les ascenseurs me terrorisent : passer à l’escalier, c’est déjà un grand pas.	22500.0		discriminator_run2_v4
929	Employers like their mechanics to be geared up.	"[{""source"":""gemini"",""original_id"":""93224"",""pun"":""Pourquoi le mécanicien est-il toujours calme ? Parce qu'il garde son sang-frein."",""id"":36533},{""source"":""claude"",""original_id"":""19273"",""pun"":""Le patron aime ses mécaniciens bien engrenés — dans le travail, pas entre eux."",""id"":86185},{""source"":""gpt_single"",""original_id"":"""",""pun"":""Dans ce garage, on recrute les mécanos sur leur tenue… de route."",""id"":21767},{""source"":""gemini_pro_single"",""original_id"":"""",""pun"":""Les patrons aiment les mécaniciens bien rodés."",""id"":61979}]"	pooled_rankings	"{""comedian"":100.0,""pun_expert"":0.0,""editor"":0.0,""translator"":0.0}"	"{""claude"":25.0,""gemini_pro"":25.0,""gpt"":25.0}"	"{""36533"":30000.0,""21767"":20000.0,""61979"":17500.0,""86185"":7500.0}"	"[{""id"":36533,""source"":""gemini"",""original_id"":""93224"",""score"":30000.0,""pun"":""Pourquoi le mécanicien est-il toujours calme ? Parce qu'il garde son sang-frein.""},{""id"":21767,""source"":""gpt_single"",""original_id"":"""",""score"":20000.0,""pun"":""Dans ce garage, on recrute les mécanos sur leur tenue… de route.""},{""id"":61979,""source"":""gemini_pro_single"",""original_id"":"""",""score"":17500.0,""pun"":""Les patrons aiment les mécaniciens bien rodés.""},{""id"":86185,""source"":""claude"",""original_id"":""19273"",""score"":7500.0,""pun"":""Le patron aime ses mécaniciens bien engrenés — dans le travail, pas entre eux.""}]"	36533	gemini	93224	Pourquoi le mécanicien est-il toujours calme ? Parce qu'il garde son sang-frein.	30000.0		discriminator_run2_v4
930	Endorsement by an olympic swimmer caused a company's profits to dive.	"[{""source"":""gemini"",""original_id"":""91538"",""pun"":""Après avoir sponsorisé ce nageur, les ventes ont bu la tasse."",""id"":57568},{""source"":""claude"",""original_id"":""17973"",""pun"":""Le nageur olympique a parrainé la marque, et les profits ont fait un plongeon spectaculaire."",""id"":68931},{""source"":""gpt_single"",""original_id"":"""",""pun"":""En recrutant un nageur olympique comme égérie, l’entreprise voulait faire surface ; ses bénéfices ont surtout plongé."",""id"":53510},{""source"":""gemini_pro_single"",""original_id"":"""",""pun"":""Le récent partenariat avec ce nageur olympique a fait plonger les bénéfices de l'entreprise."",""id"":38342}]"	pooled_rankings	"{""comedian"":100.0,""pun_expert"":0.0,""editor"":0.0,""translator"":0.0}"	"{""claude"":25.0,""gemini_pro"":25.0,""gpt"":25.0}"	"{""53510"":22500.0,""57568"":20000.0,""68931"":17500.0,""38342"":15000.0}"	[]	53510	gpt_single		En recrutant un nageur olympique comme égérie, l’entreprise voulait faire surface ; ses bénéfices ont surtout plongé.	22500.0	claude:invalid_or_error_random_fallback:Run 2 error: Response key 'editor' contains IDs not in input: [68342]	discriminator_run2_v4
931	Enough with the crippling jokes! I can't stand them.	"[{""source"":""gemini"",""original_id"":""15930"",""pun"":""J'ai une blague sur les boiteux, mais elle est bancale."",""id"":77535},{""source"":""gpt_single"",""original_id"":"""",""pun"":""Assez de blagues boiteuses : je ne les supporte plus, elles ne tiennent même pas debout."",""id"":59224},{""source"":""claude"",""original_id"":""78705"",""pun"":""Arrête les blagues sur les jambes ! Je ne peux plus les supporter."",""id"":97559},{""source"":""gemini_pro_single"",""original_id"":"""",""pun"":""Ça suffit les blagues sur les paraplégiques, elles ne tiennent pas debout !"",""id"":16512}]"	pooled_rankings	"{""comedian"":100.0,""pun_expert"":0.0,""editor"":0.0,""translator"":0.0}"	"{""claude"":25.0,""gemini_pro"":25.0,""gpt"":25.0}"	"{""77535"":27500.0,""16512"":25000.0,""59224"":15000.0,""97559"":7500.0}"	"[{""id"":77535,""source"":""gemini"",""original_id"":""15930"",""score"":27500.0,""pun"":""J'ai une blague sur les boiteux, mais elle est bancale.""},{""id"":16512,""source"":""gemini_pro_single"",""original_id"":"""",""score"":25000.0,""pun"":""Ça suffit les blagues sur les paraplégiques, elles ne tiennent pas debout !""},{""id"":59224,""source"":""gpt_single"",""original_id"":"""",""score"":15000.0,""pun"":""Assez de blagues boiteuses : je ne les supporte plus, elles ne tiennent même pas debout.""},{""id"":97559,""source"":""claude"",""original_id"":""78705"",""score"":7500.0,""pun"":""Arrête les blagues sur les jambes ! Je ne peux plus les supporter.""}]"	77535	gemini	15930	J'ai une blague sur les boiteux, mais elle est bancale.	27500.0		discriminator_run2_v4
932	Environmentalist: expert in computer operating systems.	"[{""source"":""gemini"",""original_id"":""70669"",""pun"":""Comment un développeur aide-t-il la nature ? En configurant des variables d'environnement."",""id"":13096},{""source"":""gpt_single"",""original_id"":"""",""pun"":""L’environnementaliste protège son habitat naturel : les variables d’environnement du système d’exploitation."",""id"":44508},{""source"":""gemini_pro_single"",""original_id"":"""",""pun"":""Environnementaliste : militant pour la sauvegarde du système d'exploitation."",""id"":68295},{""source"":""claude"",""original_id"":""80311"",""pun"":""Il se dit expert en développement durable… mais il parle surtout de ses variables d'environnement."",""id"":95012}]"	pooled_rankings	"{""comedian"":100.0,""pun_expert"":0.0,""editor"":0.0,""translator"":0.0}"	"{""claude"":25.0,""gemini_pro"":25.0,""gpt"":25.0}"	"{""13096"":30000.0,""95012"":22500.0,""68295"":12500.0,""44508"":10000.0}"	"[{""id"":13096,""source"":""gemini"",""original_id"":""70669"",""score"":30000.0,""pun"":""Comment un développeur aide-t-il la nature ? En configurant des variables d'environnement.""},{""id"":95012,""source"":""claude"",""original_id"":""80311"",""score"":22500.0,""pun"":""Il se dit expert en développement durable… mais il parle surtout de ses variables d'environnement.""},{""id"":68295,""source"":""gemini_pro_single"",""original_id"":"""",""score"":12500.0,""pun"":""Environnementaliste : militant pour la sauvegarde du système d'exploitation.""},{""id"":44508,""source"":""gpt_single"",""original_id"":"""",""score"":10000.0,""pun"":""L’environnementaliste protège son habitat naturel : les variables d’environnement du système d’exploitation.""}]"	13096	gemini	70669	Comment un développeur aide-t-il la nature ? En configurant des variables d'environnement.	30000.0		discriminator_run2_v4
933	Epitaphs are engraved!	"[{""source"":""claude"",""original_id"":""17923"",""pun"":""Les fautes d'orthographe sur une épitaphe, c'est vraiment grave — dans tous les sens du terme."",""id"":88831},{""source"":""gemini"",""original_id"":""16819"",""pun"":""Les épitaphes, c'est grave."",""id"":70267},{""source"":""gemini_pro_single"",""original_id"":"""",""pun"":""Une bonne épitaphe demande toujours de creuser le sujet."",""id"":13469},{""source"":""gpt_single"",""original_id"":"""",""pun"":""Une épitaphe, c’est grave : c’est gravé dans la pierre."",""id"":37984}]"	pooled_rankings	"{""comedian"":100.0,""pun_expert"":0.0,""editor"":0.0,""translator"":0.0}"	"{""claude"":25.0,""gemini_pro"":25.0,""gpt"":25.0}"	"{""88831"":25000.0,""37984"":22500.0,""13469"":20000.0,""70267"":7500.0}"	"[{""id"":88831,""source"":""claude"",""original_id"":""17923"",""score"":25000.0,""pun"":""Les fautes d'orthographe sur une épitaphe, c'est vraiment grave — dans tous les sens du terme.""},{""id"":37984,""source"":""gpt_single"",""original_id"":"""",""score"":22500.0,""pun"":""Une épitaphe, c’est grave : c’est gravé dans la pierre.""},{""id"":13469,""source"":""gemini_pro_single"",""original_id"":"""",""score"":20000.0,""pun"":""Une bonne épitaphe demande toujours de creuser le sujet.""},{""id"":70267,""source"":""gemini"",""original_id"":""16819"",""score"":7500.0,""pun"":""Les épitaphes, c'est grave.""}]"	88831	claude	17923	Les fautes d'orthographe sur une épitaphe, c'est vraiment grave — dans tous les sens du terme.	25000.0		discriminator_run2_v4
934	Equipping business for success.	"[{""source"":""gemini"",""original_id"":""87552"",""pun"":""Équipez votre boîte avec soin : les meilleures fournitures font souvent les meilleures fortunes."",""id"":25112},{""source"":""gemini_pro_single"",""original_id"":"""",""pun"":""Notre métier : outiller votre entreprise pour bâtir son succès."",""id"":43205},{""source"":""gpt_single"",""original_id"":"""",""pun"":""Le meilleur équipement d’une entreprise, ce sont des équipes bien équipées."",""id"":24797},{""source"":""claude"",""original_id"":""37227"",""pun"":""On vous fournit tout le matériel nécessaire. Le reste, c'est votre affaire — et justement, c'est votre affaire !"",""id"":80860}]"	pooled_rankings	"{""comedian"":100.0,""pun_expert"":0.0,""editor"":0.0,""translator"":0.0}"	"{""claude"":25.0,""gemini_pro"":25.0,""gpt"":25.0}"	"{""80860"":30000.0,""24797"":20000.0,""25112"":17500.0,""43205"":7500.0}"	"[{""id"":80860,""source"":""claude"",""original_id"":""37227"",""score"":30000.0,""pun"":""On vous fournit tout le matériel nécessaire. Le reste, c'est votre affaire — et justement, c'est votre affaire !""},{""id"":24797,""source"":""gpt_single"",""original_id"":"""",""score"":20000.0,""pun"":""Le meilleur équipement d’une entreprise, ce sont des équipes bien équipées.""},{""id"":25112,""source"":""gemini"",""original_id"":""87552"",""score"":17500.0,""pun"":""Équipez votre boîte avec soin : les meilleures fournitures font souvent les meilleures fortunes.""},{""id"":43205,""source"":""gemini_pro_single"",""original_id"":"""",""score"":7500.0,""pun"":""Notre métier : outiller votre entreprise pour bâtir son succès.""}]"	80860	claude	37227	On vous fournit tout le matériel nécessaire. Le reste, c'est votre affaire — et justement, c'est votre affaire !	30000.0		discriminator_run2_v4
935	Erasable pens were a good idea on paper.	"[{""source"":""gemini_pro_single"",""original_id"":"""",""pun"":""Le stylo effaçable, c'était une bonne idée sur le papier."",""id"":53152},{""source"":""gemini"",""original_id"":""60071"",""pun"":""Vendre de la papeterie, c'est un métier qui a de la ramette."",""id"":86183},{""source"":""gpt_single"",""original_id"":"""",""pun"":""Un stylo effaçable, c’est génial sur le papier."",""id"":79203},{""source"":""claude"",""original_id"":""17873"",""pun"":""Mon plan de carrière est brillant sur le papier. Malheureusement, je suis nul en origami."",""id"":96023}]"	pooled_rankings	"{""comedian"":100.0,""pun_expert"":0.0,""editor"":0.0,""translator"":0.0}"	"{""claude"":25.0,""gemini_pro"":25.0,""gpt"":25.0}"	"{""96023"":30000.0,""53152"":17500.0,""79203"":15000.0,""86183"":12500.0}"	"[{""id"":96023,""source"":""claude"",""original_id"":""17873"",""score"":30000.0,""pun"":""Mon plan de carrière est brillant sur le papier. Malheureusement, je suis nul en origami.""},{""id"":53152,""source"":""gemini_pro_single"",""original_id"":"""",""score"":17500.0,""pun"":""Le stylo effaçable, c'était une bonne idée sur le papier.""},{""id"":79203,""source"":""gpt_single"",""original_id"":"""",""score"":15000.0,""pun"":""Un stylo effaçable, c’est génial sur le papier.""},{""id"":86183,""source"":""gemini"",""original_id"":""60071"",""score"":12500.0,""pun"":""Vendre de la papeterie, c'est un métier qui a de la ramette.""}]"	96023	claude	17873	Mon plan de carrière est brillant sur le papier. Malheureusement, je suis nul en origami.	30000.0		discriminator_run2_v4
936	Escaped snakes make some people hiss-terical.	"[{""source"":""gemini"",""original_id"":""10979"",""pun"":""Quand deux serpents se disputent, ils font un sss-candale."",""id"":28435},{""source"":""gemini_pro_single"",""original_id"":"""",""pun"":""Quand un serpent s'échappe, beaucoup de gens perdent leur sang-froid."",""id"":38095},{""source"":""gpt_single"",""original_id"":"""",""pun"":""Des serpents en liberté, ça rend vite les gens complètement sss-tériques."",""id"":43415},{""source"":""claude"",""original_id"":""55967"",""pun"":""Un serpent en fuite, c'est toujours une affaire ser-panique !"",""id"":70867}]"	pooled_rankings	"{""comedian"":100.0,""pun_expert"":0.0,""editor"":0.0,""translator"":0.0}"	"{""claude"":25.0,""gemini_pro"":25.0,""gpt"":25.0}"	"{""38095"":22500.0,""43415"":22500.0,""28435"":17500.0,""70867"":12500.0}"	"[{""id"":38095,""source"":""gemini_pro_single"",""original_id"":"""",""score"":22500.0,""pun"":""Quand un serpent s'échappe, beaucoup de gens perdent leur sang-froid.""},{""id"":43415,""source"":""gpt_single"",""original_id"":"""",""score"":22500.0,""pun"":""Des serpents en liberté, ça rend vite les gens complètement sss-tériques.""},{""id"":28435,""source"":""gemini"",""original_id"":""10979"",""score"":17500.0,""pun"":""Quand deux serpents se disputent, ils font un sss-candale.""},{""id"":70867,""source"":""claude"",""original_id"":""55967"",""score"":12500.0,""pun"":""Un serpent en fuite, c'est toujours une affaire ser-panique !""}]"	38095	gemini_pro_single		Quand un serpent s'échappe, beaucoup de gens perdent leur sang-froid.	22500.0		discriminator_run2_v4
937	"Eugene O'Neil once wrote a play about a visit from an optometrist. He called it, ""The Eyes Man Cometh."""	"[{""source"":""gemini_pro_single"",""original_id"":"""",""pun"":""Pourquoi l'ophtalmo est-il parti exercer en Antarctique ? Parce qu'il n'a pas froid aux yeux !"",""id"":55881},{""source"":""gemini"",""original_id"":""18036"",""pun"":""Un opticien qui se vante, c'est quelqu'un qui en met plein la vue."",""id"":28962},{""source"":""claude"",""original_id"":""51008"",""pun"":""Un opticien a ouvert un élevage de visons. Il appelle ça sa 'vision d'entreprise'."",""id"":41664},{""source"":""gpt_single"",""original_id"":"""",""pun"":""La pièce d’O’Neill sur un optométriste esquimau aurait pu s’appeler : « Il n’a pas froid aux yeux, il les examine. »"",""id"":96712}]"	pooled_rankings	"{""comedian"":100.0,""pun_expert"":0.0,""editor"":0.0,""translator"":0.0}"	"{""claude"":25.0,""gemini_pro"":25.0,""gpt"":25.0}"	"{""55881"":30000.0,""28962"":22500.0,""41664"":15000.0,""96712"":7500.0}"	"[{""id"":55881,""source"":""gemini_pro_single"",""original_id"":"""",""score"":30000.0,""pun"":""Pourquoi l'ophtalmo est-il parti exercer en Antarctique ? Parce qu'il n'a pas froid aux yeux !""},{""id"":28962,""source"":""gemini"",""original_id"":""18036"",""score"":22500.0,""pun"":""Un opticien qui se vante, c'est quelqu'un qui en met plein la vue.""},{""id"":41664,""source"":""claude"",""original_id"":""51008"",""score"":15000.0,""pun"":""Un opticien a ouvert un élevage de visons. Il appelle ça sa 'vision d'entreprise'.""},{""id"":96712,""source"":""gpt_single"",""original_id"":"""",""score"":7500.0,""pun"":""La pièce d’O’Neill sur un optométriste esquimau aurait pu s’appeler : « Il n’a pas froid aux yeux, il les examine. »""}]"	55881	gemini_pro_single		Pourquoi l'ophtalmo est-il parti exercer en Antarctique ? Parce qu'il n'a pas froid aux yeux !	30000.0		discriminator_run2_v4
938	Eve taught us it's okay to take a little ribbing	"[{""source"":""gpt_single"",""original_id"":"""",""pun"":""Ève nous a appris qu’une bonne boutade, c’est parfois juste un bout d’Adam."",""id"":82933},{""source"":""gemini_pro_single"",""original_id"":"""",""pun"":""Ève nous a appris qu'il n'y a pas de mal à se payer la pomme d'Adam."",""id"":89148},{""source"":""gemini"",""original_id"":""62346"",""pun"":""Au début, Adam n'était pas convaincu par Ève, mais elle a fini par lui donner un coup de côte."",""id"":96700},{""source"":""claude"",""original_id"":""57876"",""pun"":""Ève a démontré qu'une côte bien placée peut faire se tordre toute l'humanité"",""id"":23423}]"	pooled_rankings	"{""comedian"":100.0,""pun_expert"":0.0,""editor"":0.0,""translator"":0.0}"	"{""claude"":25.0,""gemini_pro"":25.0,""gpt"":25.0}"	"{""89148"":22500.0,""23423"":20000.0,""82933"":20000.0,""96700"":12500.0}"	"[{""id"":89148,""source"":""gemini_pro_single"",""original_id"":"""",""score"":22500.0,""pun"":""Ève nous a appris qu'il n'y a pas de mal à se payer la pomme d'Adam.""},{""id"":23423,""source"":""claude"",""original_id"":""57876"",""score"":20000.0,""pun"":""Ève a démontré qu'une côte bien placée peut faire se tordre toute l'humanité""},{""id"":82933,""source"":""gpt_single"",""original_id"":"""",""score"":20000.0,""pun"":""Ève nous a appris qu’une bonne boutade, c’est parfois juste un bout d’Adam.""},{""id"":96700,""source"":""gemini"",""original_id"":""62346"",""score"":12500.0,""pun"":""Au début, Adam n'était pas convaincu par Ève, mais elle a fini par lui donner un coup de côte.""}]"	89148	gemini_pro_single		Ève nous a appris qu'il n'y a pas de mal à se payer la pomme d'Adam.	22500.0		discriminator_run2_v4
939	Even covered in salad dressing my lettuce looked bare, so I put some cloves on it.	"[{""source"":""claude"",""original_id"":""31920"",""pun"":""La salade se plaignait d'avoir froid malgré la vinaigrette. Je lui ai dit : 'Mets un habit aromatique.' Elle a choisi le thym-pull."",""id"":56930},{""source"":""gpt_single"",""original_id"":"""",""pun"":""Ma laitue avait beau baigner dans la vinaigrette, elle se trouvait encore trop nue : je l’ai cloutée aux clous de girofle."",""id"":21371},{""source"":""gemini_pro_single"",""original_id"":"""",""pun"":""Ma laitue manquait de tenue, alors je l'ai habillée avec des clous... de girofle."",""id"":20265},{""source"":""gemini"",""original_id"":""25978"",""pun"":""Le sel et le poivre se sont mariés : c'était pour le meilleur et pour le poivre."",""id"":43876}]"	pooled_rankings	"{""comedian"":100.0,""pun_expert"":0.0,""editor"":0.0,""translator"":0.0}"	"{""claude"":25.0,""gemini_pro"":25.0,""gpt"":25.0}"	"{""56930"":25000.0,""43876"":22500.0,""20265"":20000.0,""21371"":7500.0}"	"[{""id"":56930,""source"":""claude"",""original_id"":""31920"",""score"":25000.0,""pun"":""La salade se plaignait d'avoir froid malgré la vinaigrette. Je lui ai dit : 'Mets un habit aromatique.' Elle a choisi le thym-pull.""},{""id"":43876,""source"":""gemini"",""original_id"":""25978"",""score"":22500.0,""pun"":""Le sel et le poivre se sont mariés : c'était pour le meilleur et pour le poivre.""},{""id"":20265,""source"":""gemini_pro_single"",""original_id"":"""",""score"":20000.0,""pun"":""Ma laitue manquait de tenue, alors je l'ai habillée avec des clous... de girofle.""},{""id"":21371,""source"":""gpt_single"",""original_id"":"""",""score"":7500.0,""pun"":""Ma laitue avait beau baigner dans la vinaigrette, elle se trouvait encore trop nue : je l’ai cloutée aux clous de girofle.""}]"	56930	claude	31920	La salade se plaignait d'avoir froid malgré la vinaigrette. Je lui ai dit : 'Mets un habit aromatique.' Elle a choisi le thym-pull.	25000.0		discriminator_run2_v4
940	Even if you're on the right track, you'll get run over if you just sit there.	"[{""source"":""claude"",""original_id"":""62864"",""pun"":""Même si tu es sur la bonne voie, tu te feras écraser si tu restes assis. La voie ferrée mène quelque part, mais pas les fesses ferrées."",""id"":67091},{""source"":""gemini"",""original_id"":""63399"",""pun"":""Pour un train, faire du surplace, c'est vraiment une question de rail-bol."",""id"":27748},{""source"":""gemini_pro_single"",""original_id"":"""",""pun"":""Même si tu es sur la bonne voie, tu te feras écraser si tu restes assis."",""id"":19507},{""source"":""gpt_single"",""original_id"":"""",""pun"":""Être sur la bonne voie, c’est bien ; y rester assis, c’est finir sous le train."",""id"":84557}]"	pooled_rankings	"{""comedian"":100.0,""pun_expert"":0.0,""editor"":0.0,""translator"":0.0}"	"{""claude"":25.0,""gemini_pro"":25.0,""gpt"":25.0}"	"{""84557"":25000.0,""67091"":20000.0,""19507"":17500.0,""27748"":12500.0}"	"[{""id"":84557,""source"":""gpt_single"",""original_id"":"""",""score"":25000.0,""pun"":""Être sur la bonne voie, c’est bien ; y rester assis, c’est finir sous le train.""},{""id"":67091,""source"":""claude"",""original_id"":""62864"",""score"":20000.0,""pun"":""Même si tu es sur la bonne voie, tu te feras écraser si tu restes assis. La voie ferrée mène quelque part, mais pas les fesses ferrées.""},{""id"":19507,""source"":""gemini_pro_single"",""original_id"":"""",""score"":17500.0,""pun"":""Même si tu es sur la bonne voie, tu te feras écraser si tu restes assis.""},{""id"":27748,""source"":""gemini"",""original_id"":""63399"",""score"":12500.0,""pun"":""Pour un train, faire du surplace, c'est vraiment une question de rail-bol.""}]"	84557	gpt_single		Être sur la bonne voie, c’est bien ; y rester assis, c’est finir sous le train.	25000.0		discriminator_run2_v4
941	Even the best bird dog is only good to a point.	"[{""source"":""gpt_single"",""original_id"":"""",""pun"":""Même le meilleur chien d’arrêt n’est bon que jusqu’à un certain point : le point d’arrêt."",""id"":72368},{""source"":""claude"",""original_id"":""63756"",""pun"":""Mon chien de chasse est excellent — jusqu'à un certain point. Ensuite, il se contente de pointer du doigt."",""id"":84222},{""source"":""gemini"",""original_id"":""40458"",""pun"":""Un chien d'arrêt qui ne bouge plus, c'est un point final."",""id"":60931},{""source"":""gemini_pro_single"",""original_id"":"""",""pun"":""Même le meilleur chien d'arrêt finit par s'arrêter."",""id"":24196}]"	pooled_rankings	"{""comedian"":100.0,""pun_expert"":0.0,""editor"":0.0,""translator"":0.0}"	"{""claude"":25.0,""gemini_pro"":25.0,""gpt"":25.0}"	"{""72368"":27500.0,""60931"":22500.0,""84222"":17500.0,""24196"":7500.0}"	"[{""id"":72368,""source"":""gpt_single"",""original_id"":"""",""score"":27500.0,""pun"":""Même le meilleur chien d’arrêt n’est bon que jusqu’à un certain point : le point d’arrêt.""},{""id"":60931,""source"":""gemini"",""original_id"":""40458"",""score"":22500.0,""pun"":""Un chien d'arrêt qui ne bouge plus, c'est un point final.""},{""id"":84222,""source"":""claude"",""original_id"":""63756"",""score"":17500.0,""pun"":""Mon chien de chasse est excellent — jusqu'à un certain point. Ensuite, il se contente de pointer du doigt.""},{""id"":24196,""source"":""gemini_pro_single"",""original_id"":"""",""score"":7500.0,""pun"":""Même le meilleur chien d'arrêt finit par s'arrêter.""}]"	72368	gpt_single		Même le meilleur chien d’arrêt n’est bon que jusqu’à un certain point : le point d’arrêt.	27500.0		discriminator_run2_v4
942	Even though Ashley was blind and under arrest, she still had hope that someone would brail her out.	"[{""source"":""claude"",""original_id"":""20495"",""pun"":""Elle était aveugle et en détention provisoire — elle a demandé une caution, mais on lui a apporté un livre en relief."",""id"":64709},{""source"":""gemini_pro_single"",""original_id"":"""",""pun"":""Placée en garde à vue, la suspecte aveugle n'a pas arrêté de brailler pour qu'on paie sa caution."",""id"":32669},{""source"":""gpt_single"",""original_id"":"""",""pun"":""Même en garde à vue, l’aveugle gardait espoir : son avocat allait bien lui trouver une caution en relief."",""id"":29846},{""source"":""gemini"",""original_id"":""36628"",""pun"":""L'aveugle a réussi à s'évader de prison car il connaissait les lieux sur le bout des doigts."",""id"":91772}]"	pooled_rankings	"{""comedian"":100.0,""pun_expert"":0.0,""editor"":0.0,""translator"":0.0}"	"{""claude"":25.0,""gemini_pro"":25.0,""gpt"":25.0}"	"{""91772"":30000.0,""29846"":17500.0,""32669"":15000.0,""64709"":12500.0}"	"[{""id"":91772,""source"":""gemini"",""original_id"":""36628"",""score"":30000.0,""pun"":""L'aveugle a réussi à s'évader de prison car il connaissait les lieux sur le bout des doigts.""},{""id"":29846,""source"":""gpt_single"",""original_id"":"""",""score"":17500.0,""pun"":""Même en garde à vue, l’aveugle gardait espoir : son avocat allait bien lui trouver une caution en relief.""},{""id"":32669,""source"":""gemini_pro_single"",""original_id"":"""",""score"":15000.0,""pun"":""Placée en garde à vue, la suspecte aveugle n'a pas arrêté de brailler pour qu'on paie sa caution.""},{""id"":64709,""source"":""claude"",""original_id"":""20495"",""score"":12500.0,""pun"":""Elle était aveugle et en détention provisoire — elle a demandé une caution, mais on lui a apporté un livre en relief.""}]"	91772	gemini	36628	L'aveugle a réussi à s'évader de prison car il connaissait les lieux sur le bout des doigts.	30000.0		discriminator_run2_v4
943	Even though Catholics in space are weightless, do they have mass?	"[{""source"":""gemini"",""original_id"":""87848"",""pun"":""Pourquoi n'y a-t-il pas de balance dans les cathédrales? Parce que c'est la messe qui fait le poids."",""id"":42198},{""source"":""gemini_pro_single"",""original_id"":"""",""pun"":""Dans l'espace, les catholiques n'ont plus de poids, mais ont-ils encore un indice de messe corporelle ?"",""id"":51963},{""source"":""claude"",""original_id"":""80179"",""pun"":""Un prêtre dans l'espace dit : 'Sans gravité, je flotte… mais ma messe, elle, a toujours du poids.'"",""id"":34775},{""source"":""gpt_single"",""original_id"":"""",""pun"":""Même en apesanteur, il faut une masse critique de cathos pour faire la messe en orbite."",""id"":64798}]"	pooled_rankings	"{""comedian"":100.0,""pun_expert"":0.0,""editor"":0.0,""translator"":0.0}"	"{""claude"":25.0,""gemini_pro"":25.0,""gpt"":25.0}"	"{""42198"":27500.0,""51963"":22500.0,""34775"":15000.0,""64798"":10000.0}"	"[{""id"":42198,""source"":""gemini"",""original_id"":""87848"",""score"":27500.0,""pun"":""Pourquoi n'y a-t-il pas de balance dans les cathédrales? Parce que c'est la messe qui fait le poids.""},{""id"":51963,""source"":""gemini_pro_single"",""original_id"":"""",""score"":22500.0,""pun"":""Dans l'espace, les catholiques n'ont plus de poids, mais ont-ils encore un indice de messe corporelle ?""},{""id"":34775,""source"":""claude"",""original_id"":""80179"",""score"":15000.0,""pun"":""Un prêtre dans l'espace dit : 'Sans gravité, je flotte… mais ma messe, elle, a toujours du poids.'""},{""id"":64798,""source"":""gpt_single"",""original_id"":"""",""score"":10000.0,""pun"":""Même en apesanteur, il faut une masse critique de cathos pour faire la messe en orbite.""}]"	42198	gemini	87848	Pourquoi n'y a-t-il pas de balance dans les cathédrales? Parce que c'est la messe qui fait le poids.	27500.0		discriminator_run2_v4
944	Even though the well was a mystery to her, she didn't want to get to the bottom of it.	"[{""source"":""gpt_single"",""original_id"":"""",""pun"":""Même si ce puits restait un mystère, elle n’avait aucune envie d’aller au fond des choses."",""id"":16979},{""source"":""gemini_pro_single"",""original_id"":"""",""pun"":""Ce puits était un vrai mystère, mais elle refusait d'aller au fond des choses."",""id"":68327},{""source"":""claude"",""original_id"":""41888"",""pun"":""Le mystère du puits l'intriguait, mais elle n'avait aucune envie de creuser — ni au sens propre, ni au sens figuré."",""id"":83007},{""source"":""gemini"",""original_id"":""55090"",""pun"":""Quand un spéléologue se fâche, il finit toujours par creuser le sujet."",""id"":33858}]"	pooled_rankings	"{""comedian"":100.0,""pun_expert"":0.0,""editor"":0.0,""translator"":0.0}"	"{""claude"":25.0,""gemini_pro"":25.0,""gpt"":25.0}"	"{""68327"":25000.0,""16979"":17500.0,""83007"":17500.0,""33858"":15000.0}"	"[{""id"":68327,""source"":""gemini_pro_single"",""original_id"":"""",""score"":25000.0,""pun"":""Ce puits était un vrai mystère, mais elle refusait d'aller au fond des choses.""},{""id"":16979,""source"":""gpt_single"",""original_id"":"""",""score"":17500.0,""pun"":""Même si ce puits restait un mystère, elle n’avait aucune envie d’aller au fond des choses.""},{""id"":83007,""source"":""claude"",""original_id"":""41888"",""score"":17500.0,""pun"":""Le mystère du puits l'intriguait, mais elle n'avait aucune envie de creuser — ni au sens propre, ni au sens figuré.""},{""id"":33858,""source"":""gemini"",""original_id"":""55090"",""score"":15000.0,""pun"":""Quand un spéléologue se fâche, il finit toujours par creuser le sujet.""}]"	68327	gemini_pro_single		Ce puits était un vrai mystère, mais elle refusait d'aller au fond des choses.	25000.0		discriminator_run2_v4
945	Ever since my mineral extraction facility was converted to parking, I've had a lot on my mine.	"[{""source"":""gemini"",""original_id"":""77680"",""pun"":""Le mineur est parti en vacances parce qu'il avait une sale mine."",""id"":64984},{""source"":""gpt_single"",""original_id"":"""",""pun"":""Depuis que ma mine est devenue un parking, ça me mine : j’ai le moral au sous-sol."",""id"":22948},{""source"":""claude"",""original_id"":""44116"",""pun"":""Depuis qu'on a transformé ma mine en parking, j'ai beaucoup sur la mine… et ça se voit sur mon visage."",""id"":71844},{""source"":""gemini_pro_single"",""original_id"":"""",""pun"":""Depuis que ma mine a été transformée en parking, je n'arrête pas de me creuser la tête."",""id"":69676}]"	pooled_rankings	"{""comedian"":100.0,""pun_expert"":0.0,""editor"":0.0,""translator"":0.0}"	"{""claude"":25.0,""gemini_pro"":25.0,""gpt"":25.0}"	"{""22948"":30000.0,""69676"":20000.0,""64984"":15000.0,""71844"":10000.0}"	"[{""id"":22948,""source"":""gpt_single"",""original_id"":"""",""score"":30000.0,""pun"":""Depuis que ma mine est devenue un parking, ça me mine : j’ai le moral au sous-sol.""},{""id"":69676,""source"":""gemini_pro_single"",""original_id"":"""",""score"":20000.0,""pun"":""Depuis que ma mine a été transformée en parking, je n'arrête pas de me creuser la tête.""},{""id"":64984,""source"":""gemini"",""original_id"":""77680"",""score"":15000.0,""pun"":""Le mineur est parti en vacances parce qu'il avait une sale mine.""},{""id"":71844,""source"":""claude"",""original_id"":""44116"",""score"":10000.0,""pun"":""Depuis qu'on a transformé ma mine en parking, j'ai beaucoup sur la mine… et ça se voit sur mon visage.""}]"	22948	gpt_single		Depuis que ma mine est devenue un parking, ça me mine : j’ai le moral au sous-sol.	30000.0		discriminator_run2_v4
946	Every animal is jealous of the Deer's lifestyle. Why? Because it always have fawn	"[{""source"":""gpt_single"",""original_id"":"""",""pun"":""Les autres animaux envient le cerf : en forêt, il est toujours suivi par son faon-club."",""id"":16777},{""source"":""gemini"",""original_id"":""70594"",""pun"":""Que fait un faon pour s'amuser ? Il va à la fête faon-taine."",""id"":86442},{""source"":""claude"",""original_id"":""98327"",""pun"":""Le faon est jalousé par tous ses voisins de forêt. Le renard dit : 'Moi j'ai la ruse.' Le loup dit : 'Moi j'ai les dents.' Le faon répond : 'Moi j'ai les fans.'"",""id"":38983},{""source"":""gemini_pro_single"",""original_id"":"""",""pun"":""Pourquoi la biche s'amuse-t-elle tant en forêt ? Parce qu'elle a gardé son âme d'en-faon !"",""id"":35976}]"	pooled_rankings	"{""comedian"":100.0,""pun_expert"":0.0,""editor"":0.0,""translator"":0.0}"	"{""claude"":25.0,""gemini_pro"":25.0,""gpt"":25.0}"	"{""16777"":25000.0,""35976"":22500.0,""38983"":20000.0,""86442"":7500.0}"	"[{""id"":16777,""source"":""gpt_single"",""original_id"":"""",""score"":25000.0,""pun"":""Les autres animaux envient le cerf : en forêt, il est toujours suivi par son faon-club.""},{""id"":35976,""source"":""gemini_pro_single"",""original_id"":"""",""score"":22500.0,""pun"":""Pourquoi la biche s'amuse-t-elle tant en forêt ? Parce qu'elle a gardé son âme d'en-faon !""},{""id"":38983,""source"":""claude"",""original_id"":""98327"",""score"":20000.0,""pun"":""Le faon est jalousé par tous ses voisins de forêt. Le renard dit : 'Moi j'ai la ruse.' Le loup dit : 'Moi j'ai les dents.' Le faon répond : 'Moi j'ai les fans.'""},{""id"":86442,""source"":""gemini"",""original_id"":""70594"",""score"":7500.0,""pun"":""Que fait un faon pour s'amuser ? Il va à la fête faon-taine.""}]"	16777	gpt_single		Les autres animaux envient le cerf : en forêt, il est toujours suivi par son faon-club.	25000.0		discriminator_run2_v4
947	Every so often railroad conductors have to go for retraining.	"[{""source"":""gpt_single"",""original_id"":"""",""pun"":""Les cheminots font parfois des stages de reconversion : normal, dans ce métier, il faut savoir changer de voie."",""id"":55678},{""source"":""gemini_pro_single"",""original_id"":"""",""pun"":""Un conducteur de train en reconversion finit toujours par trouver sa voie."",""id"":52508},{""source"":""gemini"",""original_id"":""68240"",""pun"":""Les cheminots sont très sérieux : quand ils étudient, ils ne déraillent jamais."",""id"":12186},{""source"":""claude"",""original_id"":""10979"",""pun"":""Après sa formation, le cheminot a dit : 'Je suis enfin remis sur les rails !'"",""id"":42047}]"	pooled_rankings	"{""comedian"":100.0,""pun_expert"":0.0,""editor"":0.0,""translator"":0.0}"	"{""claude"":25.0,""gemini_pro"":25.0,""gpt"":25.0}"	"{""55678"":27500.0,""52508"":20000.0,""42047"":15000.0,""12186"":12500.0}"	"[{""id"":55678,""source"":""gpt_single"",""original_id"":"""",""score"":27500.0,""pun"":""Les cheminots font parfois des stages de reconversion : normal, dans ce métier, il faut savoir changer de voie.""},{""id"":52508,""source"":""gemini_pro_single"",""original_id"":"""",""score"":20000.0,""pun"":""Un conducteur de train en reconversion finit toujours par trouver sa voie.""},{""id"":42047,""source"":""claude"",""original_id"":""10979"",""score"":15000.0,""pun"":""Après sa formation, le cheminot a dit : 'Je suis enfin remis sur les rails !'""},{""id"":12186,""source"":""gemini"",""original_id"":""68240"",""score"":12500.0,""pun"":""Les cheminots sont très sérieux : quand ils étudient, ils ne déraillent jamais.""}]"	55678	gpt_single		Les cheminots font parfois des stages de reconversion : normal, dans ce métier, il faut savoir changer de voie.	27500.0		discriminator_run2_v4
948	Everybody was in shock when the hair stylist dyed.	"[{""source"":""gemini_pro_single"",""original_id"":"""",""pun"":""La mort soudaine du coiffeur a été un choc, mais apparemment il voulait juste s'occuper des pissenlits par la racine."",""id"":40641},{""source"":""gpt_single"",""original_id"":"""",""pun"":""Le coiffeur-coloriste n’est pas mort : il est juste ex-teint."",""id"":72129},{""source"":""claude"",""original_id"":""81857"",""pun"":""Quand la coloriste est décédée, tout le monde a été dans le noir — sauf ses clientes qui étaient dans le blond."",""id"":55306},{""source"":""gemini"",""original_id"":""59228"",""pun"":""Le spécialiste des permanentes est décédé : il est entré dans l'éternité."",""id"":97461}]"	pooled_rankings	"{""comedian"":100.0,""pun_expert"":0.0,""editor"":0.0,""translator"":0.0}"	"{""claude"":25.0,""gemini_pro"":25.0,""gpt"":25.0}"	"{""72129"":30000.0,""40641"":15000.0,""55306"":15000.0,""97461"":15000.0}"	"[{""id"":72129,""source"":""gpt_single"",""original_id"":"""",""score"":30000.0,""pun"":""Le coiffeur-coloriste n’est pas mort : il est juste ex-teint.""},{""id"":40641,""source"":""gemini_pro_single"",""original_id"":"""",""score"":15000.0,""pun"":""La mort soudaine du coiffeur a été un choc, mais apparemment il voulait juste s'occuper des pissenlits par la racine.""},{""id"":55306,""source"":""claude"",""original_id"":""81857"",""score"":15000.0,""pun"":""Quand la coloriste est décédée, tout le monde a été dans le noir — sauf ses clientes qui étaient dans le blond.""},{""id"":97461,""source"":""gemini"",""original_id"":""59228"",""score"":15000.0,""pun"":""Le spécialiste des permanentes est décédé : il est entré dans l'éternité.""}]"	72129	gpt_single		Le coiffeur-coloriste n’est pas mort : il est juste ex-teint.	30000.0		discriminator_run2_v4
949	Everyday is a gift from god, that is why it is called the present	"[{""source"":""gpt_single"",""original_id"":"""",""pun"":""Chaque jour est un présent du ciel : si tu attends demain pour l’ouvrir, ce ne sera plus le présent."",""id"":39115},{""source"":""claude"",""original_id"":""77126"",""pun"":""Chaque jour est un cadeau — c'est pour ça qu'on l'appelle le présent."",""id"":16456},{""source"":""gemini_pro_single"",""original_id"":"""",""pun"":""Chaque jour est un cadeau, c'est pour ça qu'on l'appelle le présent."",""id"":84716},{""source"":""gemini"",""original_id"":""29022"",""pun"":""Les cadeaux sont fragiles, c'est pour ça qu'on dit qu'ils vivent un instant présent."",""id"":55403}]"	pooled_rankings	"{""comedian"":100.0,""pun_expert"":0.0,""editor"":0.0,""translator"":0.0}"	"{""claude"":25.0,""gemini_pro"":25.0,""gpt"":25.0}"	"{""39115"":25000.0,""16456"":22500.0,""84716"":20000.0,""55403"":7500.0}"	"[{""id"":39115,""source"":""gpt_single"",""original_id"":"""",""score"":25000.0,""pun"":""Chaque jour est un présent du ciel : si tu attends demain pour l’ouvrir, ce ne sera plus le présent.""},{""id"":16456,""source"":""claude"",""original_id"":""77126"",""score"":22500.0,""pun"":""Chaque jour est un cadeau — c'est pour ça qu'on l'appelle le présent.""},{""id"":84716,""source"":""gemini_pro_single"",""original_id"":"""",""score"":20000.0,""pun"":""Chaque jour est un cadeau, c'est pour ça qu'on l'appelle le présent.""},{""id"":55403,""source"":""gemini"",""original_id"":""29022"",""score"":7500.0,""pun"":""Les cadeaux sont fragiles, c'est pour ça qu'on dit qu'ils vivent un instant présent.""}]"	39115	gpt_single		Chaque jour est un présent du ciel : si tu attends demain pour l’ouvrir, ce ne sera plus le présent.	25000.0		discriminator_run2_v4
950	Everyone agreed that the actor, who had played a hostage, had given a captivating performance.	"[{""source"":""gpt_single"",""original_id"":"""",""pun"":""En jouant l’otage, l’acteur a été si captivant que personne n’a réussi à se libérer de son jeu."",""id"":64573},{""source"":""claude"",""original_id"":""36072"",""pun"":""L'acteur qui jouait l'otage a donné une performance captivante. Les critiques ont dit qu'il les avait vraiment... retenus."",""id"":74457},{""source"":""gemini"",""original_id"":""23836"",""pun"":""Tout le monde a trouvé que l'acteur qui jouait l'otage était particulièrement saisissant."",""id"":10299},{""source"":""gemini_pro_single"",""original_id"":"""",""pun"":""L'acteur qui jouait l'otage a offert une performance vraiment captivante."",""id"":50810}]"	pooled_rankings	"{""comedian"":100.0,""pun_expert"":0.0,""editor"":0.0,""translator"":0.0}"	"{""claude"":25.0,""gemini_pro"":25.0,""gpt"":25.0}"	"{""74457"":22500.0,""64573"":20000.0,""10299"":17500.0,""50810"":15000.0}"	"[{""id"":74457,""source"":""claude"",""original_id"":""36072"",""score"":22500.0,""pun"":""L'acteur qui jouait l'otage a donné une performance captivante. Les critiques ont dit qu'il les avait vraiment... retenus.""},{""id"":64573,""source"":""gpt_single"",""original_id"":"""",""score"":20000.0,""pun"":""En jouant l’otage, l’acteur a été si captivant que personne n’a réussi à se libérer de son jeu.""},{""id"":10299,""source"":""gemini"",""original_id"":""23836"",""score"":17500.0,""pun"":""Tout le monde a trouvé que l'acteur qui jouait l'otage était particulièrement saisissant.""},{""id"":50810,""source"":""gemini_pro_single"",""original_id"":"""",""score"":15000.0,""pun"":""L'acteur qui jouait l'otage a offert une performance vraiment captivante.""}]"	74457	claude	36072	L'acteur qui jouait l'otage a donné une performance captivante. Les critiques ont dit qu'il les avait vraiment... retenus.	22500.0		discriminator_run2_v4
951	Everyone needs a Motiv.	"[{""source"":""gemini_pro_single"",""original_id"":"""",""pun"":""Pour avancer, tout le monde a besoin d'un bon moteur."",""id"":39871},{""source"":""gemini"",""original_id"":""50818"",""pun"":""Un petit train qui refuse de rouler ? C'est un loco-motif."",""id"":88954},{""source"":""gpt_single"",""original_id"":"""",""pun"":""Tout le monde a besoin d’un bon motif pour démarrer."",""id"":43415},{""source"":""claude"",""original_id"":""31504"",""pun"":""J'avais un grand objectif dans la vie. Puis j'ai acheté un appareil photo et j'en ai plein."",""id"":40467}]"	pooled_rankings	"{""comedian"":100.0,""pun_expert"":0.0,""editor"":0.0,""translator"":0.0}"	"{""claude"":25.0,""gemini_pro"":25.0,""gpt"":25.0}"	"{""40467"":27500.0,""88954"":25000.0,""43415"":15000.0,""39871"":7500.0}"	"[{""id"":40467,""source"":""claude"",""original_id"":""31504"",""score"":27500.0,""pun"":""J'avais un grand objectif dans la vie. Puis j'ai acheté un appareil photo et j'en ai plein.""},{""id"":88954,""source"":""gemini"",""original_id"":""50818"",""score"":25000.0,""pun"":""Un petit train qui refuse de rouler ? C'est un loco-motif.""},{""id"":43415,""source"":""gpt_single"",""original_id"":"""",""score"":15000.0,""pun"":""Tout le monde a besoin d’un bon motif pour démarrer.""},{""id"":39871,""source"":""gemini_pro_single"",""original_id"":"""",""score"":7500.0,""pun"":""Pour avancer, tout le monde a besoin d'un bon moteur.""}]"	40467	claude	31504	J'avais un grand objectif dans la vie. Puis j'ai acheté un appareil photo et j'en ai plein.	27500.0		discriminator_run2_v4
952	Everyone's cup of tea.	"[{""source"":""gemini"",""original_id"":""41839"",""pun"":""Quel est le thé le plus honnête ? La sincéri-thé."",""id"":23961},{""source"":""gpt_single"",""original_id"":"""",""pun"":""Chacun son thé : les goûts et les infusions ne se discutent pas."",""id"":37436},{""source"":""gemini_pro_single"",""original_id"":"""",""pun"":""Le café, ce n'est vraiment pas ma tasse de thé."",""id"":37339},{""source"":""claude"",""original_id"":""36395"",""pun"":""Mon patron dit que tout le monde doit aimer son projet. C'est le thé de tout le monde, qu'il dit. Moi je préfère le café — au moins ça réveille."",""id"":90860}]"	pooled_rankings	"{""comedian"":100.0,""pun_expert"":0.0,""editor"":0.0,""translator"":0.0}"	"{""claude"":25.0,""gemini_pro"":25.0,""gpt"":25.0}"	"{""37436"":22500.0,""23961"":20000.0,""37339"":17500.0,""90860"":15000.0}"	"[{""id"":37436,""source"":""gpt_single"",""original_id"":"""",""score"":22500.0,""pun"":""Chacun son thé : les goûts et les infusions ne se discutent pas.""},{""id"":23961,""source"":""gemini"",""original_id"":""41839"",""score"":20000.0,""pun"":""Quel est le thé le plus honnête ? La sincéri-thé.""},{""id"":37339,""source"":""gemini_pro_single"",""original_id"":"""",""score"":17500.0,""pun"":""Le café, ce n'est vraiment pas ma tasse de thé.""},{""id"":90860,""source"":""claude"",""original_id"":""36395"",""score"":15000.0,""pun"":""Mon patron dit que tout le monde doit aimer son projet. C'est le thé de tout le monde, qu'il dit. Moi je préfère le café — au moins ça réveille.""}]"	37436	gpt_single		Chacun son thé : les goûts et les infusions ne se discutent pas.	22500.0		discriminator_run2_v4
953	Everyone's fuming over the high cost of gas.	"[{""source"":""gemini_pro_single"",""original_id"":"""",""pun"":""Vu le prix exorbitant de l'essence, les automobilistes montent très vite dans les tours."",""id"":79705},{""source"":""claude"",""original_id"":""14652"",""pun"":""Le pompiste m'a dit : 'Ça fait beaucoup ?' J'ai répondu : 'Non, ça fait fumer !'"",""id"":68556},{""source"":""gemini"",""original_id"":""57284"",""pun"":""On m'a dit que l'essence rendait riche, mais personnellement, ça me pompe."",""id"":92228},{""source"":""gpt_single"",""original_id"":"""",""pun"":""Avec le prix de l’essence, les automobilistes sont déjà fumants avant même que le moteur démarre."",""id"":49630}]"	pooled_rankings	"{""comedian"":100.0,""pun_expert"":0.0,""editor"":0.0,""translator"":0.0}"	"{""claude"":25.0,""gemini_pro"":25.0,""gpt"":25.0}"	"{""79705"":22500.0,""92228"":22500.0,""49630"":15000.0,""68556"":15000.0}"	"[{""id"":79705,""source"":""gemini_pro_single"",""original_id"":"""",""score"":22500.0,""pun"":""Vu le prix exorbitant de l'essence, les automobilistes montent très vite dans les tours.""},{""id"":92228,""source"":""gemini"",""original_id"":""57284"",""score"":22500.0,""pun"":""On m'a dit que l'essence rendait riche, mais personnellement, ça me pompe.""},{""id"":49630,""source"":""gpt_single"",""original_id"":"""",""score"":15000.0,""pun"":""Avec le prix de l’essence, les automobilistes sont déjà fumants avant même que le moteur démarre.""},{""id"":68556,""source"":""claude"",""original_id"":""14652"",""score"":15000.0,""pun"":""Le pompiste m'a dit : 'Ça fait beaucoup ?' J'ai répondu : 'Non, ça fait fumer !'""}]"	79705	gemini_pro_single		Vu le prix exorbitant de l'essence, les automobilistes montent très vite dans les tours.	22500.0		discriminator_run2_v4
954	Everytime I drink red wine I end up getting a cab.	"[{""source"":""gemini_pro_single"",""original_id"":"""",""pun"":""Le problème avec la route des vins, ce sont toujours les bouchons."",""id"":53252},{""source"":""gpt_single"",""original_id"":"""",""pun"":""À chaque verre de cabernet, le cab est né : je rentre en taxi."",""id"":49204},{""source"":""claude"",""original_id"":""28757"",""pun"":""Chaque fois que je bois du cabernet, je rentre en taxi. C'est le cab-ernet qui paye la course."",""id"":15049},{""source"":""gemini"",""original_id"":""21649"",""pun"":""Quand je bois trop de vin rouge, je finis toujours par prendre un Cabernet. C'est mon taxi préféré."",""id"":17534}]"	pooled_rankings	"{""comedian"":100.0,""pun_expert"":0.0,""editor"":0.0,""translator"":0.0}"	"{""claude"":25.0,""gemini_pro"":25.0,""gpt"":25.0}"	"{""53252"":30000.0,""17534"":17500.0,""49204"":15000.0,""15049"":12500.0}"	"[{""id"":53252,""source"":""gemini_pro_single"",""original_id"":"""",""score"":30000.0,""pun"":""Le problème avec la route des vins, ce sont toujours les bouchons.""},{""id"":17534,""source"":""gemini"",""original_id"":""21649"",""score"":17500.0,""pun"":""Quand je bois trop de vin rouge, je finis toujours par prendre un Cabernet. C'est mon taxi préféré.""},{""id"":49204,""source"":""gpt_single"",""original_id"":"""",""score"":15000.0,""pun"":""À chaque verre de cabernet, le cab est né : je rentre en taxi.""},{""id"":15049,""source"":""claude"",""original_id"":""28757"",""score"":12500.0,""pun"":""Chaque fois que je bois du cabernet, je rentre en taxi. C'est le cab-ernet qui paye la course.""}]"	53252	gemini_pro_single		Le problème avec la route des vins, ce sont toujours les bouchons.	30000.0		discriminator_run2_v4
955	Execution with a noose causes a real hangover.	"[{""source"":""claude"",""original_id"":""89403"",""pun"":""La pendaison, c'est pratique : pas de gueule de bois le lendemain. Pas de lendemain non plus."",""id"":16482},{""source"":""gemini_pro_single"",""original_id"":"""",""pun"":""Une exécution au nœud coulant, ça laisse toujours la gorge nouée."",""id"":59598},{""source"":""gpt_single"",""original_id"":"""",""pun"":""Après une pendaison, pas besoin d’avoir bu : la gueule de bois vient du gibet."",""id"":14769},{""source"":""gemini"",""original_id"":""15464"",""pun"":""Le bourreau a été licencié : il n'avait aucune attache."",""id"":99043}]"	pooled_rankings	"{""comedian"":100.0,""pun_expert"":0.0,""editor"":0.0,""translator"":0.0}"	"{""claude"":25.0,""gemini_pro"":25.0,""gpt"":25.0}"	"{""16482"":30000.0,""59598"":20000.0,""14769"":12500.0,""99043"":12500.0}"	"[{""id"":16482,""source"":""claude"",""original_id"":""89403"",""score"":30000.0,""pun"":""La pendaison, c'est pratique : pas de gueule de bois le lendemain. Pas de lendemain non plus.""},{""id"":59598,""source"":""gemini_pro_single"",""original_id"":"""",""score"":20000.0,""pun"":""Une exécution au nœud coulant, ça laisse toujours la gorge nouée.""},{""id"":14769,""source"":""gpt_single"",""original_id"":"""",""score"":12500.0,""pun"":""Après une pendaison, pas besoin d’avoir bu : la gueule de bois vient du gibet.""},{""id"":99043,""source"":""gemini"",""original_id"":""15464"",""score"":12500.0,""pun"":""Le bourreau a été licencié : il n'avait aucune attache.""}]"	16482	claude	89403	La pendaison, c'est pratique : pas de gueule de bois le lendemain. Pas de lendemain non plus.	30000.0		discriminator_run2_v4
956	Exposure to the Son prevents burning	"[{""source"":""gemini_pro_single"",""original_id"":"""",""pun"":""Contre les brûlures de l'enfer, rien de tel qu'un bon écran papal."",""id"":91857},{""source"":""gpt_single"",""original_id"":"""",""pun"":""Avec le Saint-Fils-tre solaire, Jésus te sauve même des coups de soleil."",""id"":60672},{""source"":""claude"",""original_id"":""78085"",""pun"":""La foi, c'est comme l'écran solaire : ça protège du feu éternel."",""id"":14133},{""source"":""gemini"",""original_id"":""39129"",""pun"":""Avoir la foi, c'est bien, mais il faut aussi ménager son foie pour éviter la crise de foi(e)."",""id"":83932}]"	pooled_rankings	"{""comedian"":100.0,""pun_expert"":0.0,""editor"":0.0,""translator"":0.0}"	"{""claude"":25.0,""gemini_pro"":25.0,""gpt"":25.0}"	"{""83932"":25000.0,""60672"":22500.0,""91857"":17500.0,""14133"":10000.0}"	"[{""id"":83932,""source"":""gemini"",""original_id"":""39129"",""score"":25000.0,""pun"":""Avoir la foi, c'est bien, mais il faut aussi ménager son foie pour éviter la crise de foi(e).""},{""id"":60672,""source"":""gpt_single"",""original_id"":"""",""score"":22500.0,""pun"":""Avec le Saint-Fils-tre solaire, Jésus te sauve même des coups de soleil.""},{""id"":91857,""source"":""gemini_pro_single"",""original_id"":"""",""score"":17500.0,""pun"":""Contre les brûlures de l'enfer, rien de tel qu'un bon écran papal.""},{""id"":14133,""source"":""claude"",""original_id"":""78085"",""score"":10000.0,""pun"":""La foi, c'est comme l'écran solaire : ça protège du feu éternel.""}]"	83932	gemini	39129	Avoir la foi, c'est bien, mais il faut aussi ménager son foie pour éviter la crise de foi(e).	25000.0		discriminator_run2_v4
957	Eye Q. The intelligent choice in eyewear.	"[{""source"":""gemini_pro_single"",""original_id"":"""",""pun"":""Quotient intelloculaire : le choix intelligent pour vos lunettes."",""id"":64398},{""source"":""gpt_single"",""original_id"":"""",""pun"":""Œil-QI : les lunettes pour avoir l’œil… et le QI."",""id"":10007},{""source"":""claude"",""original_id"":""83157"",""pun"":""Nos montures : le seul QI que vous pouvez poser sur votre nez."",""id"":57940},{""source"":""gemini"",""original_id"":""48266"",""pun"":""Avoir l'œil vif, c'est bien. Avoir l'œil QI, c'est mieux."",""id"":87414}]"	pooled_rankings	"{""comedian"":100.0,""pun_expert"":0.0,""editor"":0.0,""translator"":0.0}"	"{""claude"":25.0,""gemini_pro"":25.0,""gpt"":25.0}"	"{""57940"":20000.0,""87414"":20000.0,""10007"":17500.0,""64398"":17500.0}"	"[{""id"":57940,""source"":""claude"",""original_id"":""83157"",""score"":20000.0,""pun"":""Nos montures : le seul QI que vous pouvez poser sur votre nez.""},{""id"":87414,""source"":""gemini"",""original_id"":""48266"",""score"":20000.0,""pun"":""Avoir l'œil vif, c'est bien. Avoir l'œil QI, c'est mieux.""},{""id"":10007,""source"":""gpt_single"",""original_id"":"""",""score"":17500.0,""pun"":""Œil-QI : les lunettes pour avoir l’œil… et le QI.""},{""id"":64398,""source"":""gemini_pro_single"",""original_id"":"""",""score"":17500.0,""pun"":""Quotient intelloculaire : le choix intelligent pour vos lunettes.""}]"	57940	claude	83157	Nos montures : le seul QI que vous pouvez poser sur votre nez.	20000.0		discriminator_run2_v4
958	Failure is the path of least persistence.	"[{""source"":""gpt_single"",""original_id"":"""",""pun"":""L’échec, c’est la voie de la moindre persistance."",""id"":27732},{""source"":""gemini_pro_single"",""original_id"":"""",""pun"":""L'échec, c'est la voie de la moindre persistance."",""id"":30358},{""source"":""claude"",""original_id"":""42035"",""pun"":""En électricité, le chemin de moindre résistance mène au courant. En vie, il mène à Netflix."",""id"":17872},{""source"":""gemini"",""original_id"":""68885"",""pun"":""Si tu ne réussis pas en couture, c'est que tu as perdu le fil."",""id"":70916}]"	pooled_rankings	"{""comedian"":100.0,""pun_expert"":0.0,""editor"":0.0,""translator"":0.0}"	"{""claude"":25.0,""gemini_pro"":25.0,""gpt"":25.0}"	"{""27732"":25000.0,""30358"":17500.0,""70916"":17500.0,""17872"":15000.0}"	"[{""id"":27732,""source"":""gpt_single"",""original_id"":"""",""score"":25000.0,""pun"":""L’échec, c’est la voie de la moindre persistance.""},{""id"":30358,""source"":""gemini_pro_single"",""original_id"":"""",""score"":17500.0,""pun"":""L'échec, c'est la voie de la moindre persistance.""},{""id"":70916,""source"":""gemini"",""original_id"":""68885"",""score"":17500.0,""pun"":""Si tu ne réussis pas en couture, c'est que tu as perdu le fil.""},{""id"":17872,""source"":""claude"",""original_id"":""42035"",""score"":15000.0,""pun"":""En électricité, le chemin de moindre résistance mène au courant. En vie, il mène à Netflix.""}]"	27732	gpt_single		L’échec, c’est la voie de la moindre persistance.	25000.0		discriminator_run2_v4
959	Fair trade clothing won't fall apart at the seams	"[{""source"":""gemini"",""original_id"":""57891"",""pun"":""La mode éthique ne se défile jamais."",""id"":77403},{""source"":""gemini_pro_single"",""original_id"":"""",""pun"":""La mode équitable est irréprochable sous toutes les coutures."",""id"":67731},{""source"":""gpt_single"",""original_id"":"""",""pun"":""Les vêtements équitables ne craquent pas aux coutures : ils ont la fibre morale."",""id"":52394},{""source"":""claude"",""original_id"":""35507"",""pun"":""Avec le commerce équitable, vos habits ne craquent pas aux coutures. Et pour cause : on n'a pas cousu la misère dedans."",""id"":64202}]"	pooled_rankings	"{""comedian"":100.0,""pun_expert"":0.0,""editor"":0.0,""translator"":0.0}"	"{""claude"":25.0,""gemini_pro"":25.0,""gpt"":25.0}"	"{""52394"":22500.0,""64202"":17500.0,""67731"":17500.0,""77403"":17500.0}"	"[{""id"":52394,""source"":""gpt_single"",""original_id"":"""",""score"":22500.0,""pun"":""Les vêtements équitables ne craquent pas aux coutures : ils ont la fibre morale.""},{""id"":64202,""source"":""claude"",""original_id"":""35507"",""score"":17500.0,""pun"":""Avec le commerce équitable, vos habits ne craquent pas aux coutures. Et pour cause : on n'a pas cousu la misère dedans.""},{""id"":67731,""source"":""gemini_pro_single"",""original_id"":"""",""score"":17500.0,""pun"":""La mode équitable est irréprochable sous toutes les coutures.""},{""id"":77403,""source"":""gemini"",""original_id"":""57891"",""score"":17500.0,""pun"":""La mode éthique ne se défile jamais.""}]"	52394	gpt_single		Les vêtements équitables ne craquent pas aux coutures : ils ont la fibre morale.	22500.0		discriminator_run2_v4
960	Faith doesn't fall apart at the seems	"[{""source"":""gemini"",""original_id"":""82157"",""pun"":""Quand un tailleur est en colère, il se pique d'une crise de nerfs."",""id"":35195},{""source"":""gemini_pro_single"",""original_id"":"""",""pun"":""La vraie foi n'est pas cousue de fil blanc : elle ne risque pas de se découdre."",""id"":42519},{""source"":""claude"",""original_id"":""17170"",""pun"":""La foi, ça ne se défait pas aux coutures — même quand tout paraît cousu de fil blanc."",""id"":18011},{""source"":""gpt_single"",""original_id"":"""",""pun"":""La foi ne se défait pas aux coutures : quand tout semble lâcher, elle tient ensemble."",""id"":28052}]"	pooled_rankings	"{""comedian"":100.0,""pun_expert"":0.0,""editor"":0.0,""translator"":0.0}"	"{""claude"":25.0,""gemini_pro"":25.0,""gpt"":25.0}"	"{""42519"":25000.0,""35195"":22500.0,""18011"":17500.0,""28052"":10000.0}"	"[{""id"":42519,""source"":""gemini_pro_single"",""original_id"":"""",""score"":25000.0,""pun"":""La vraie foi n'est pas cousue de fil blanc : elle ne risque pas de se découdre.""},{""id"":35195,""source"":""gemini"",""original_id"":""82157"",""score"":22500.0,""pun"":""Quand un tailleur est en colère, il se pique d'une crise de nerfs.""},{""id"":18011,""source"":""claude"",""original_id"":""17170"",""score"":17500.0,""pun"":""La foi, ça ne se défait pas aux coutures — même quand tout paraît cousu de fil blanc.""},{""id"":28052,""source"":""gpt_single"",""original_id"":"""",""score"":10000.0,""pun"":""La foi ne se défait pas aux coutures : quand tout semble lâcher, elle tient ensemble.""}]"	42519	gemini_pro_single		La vraie foi n'est pas cousue de fil blanc : elle ne risque pas de se découdre.	25000.0		discriminator_run2_v4
961	Fantabulistic, is it not?	"[{""source"":""claude"",""original_id"":""23836"",""pun"":""C'est fabulistique, non? — Mi-fable, mi-mystique, totalement magique!"",""id"":23233},{""source"":""gemini_pro_single"",""original_id"":"""",""pun"":""Ce soda à l'orange est vraiment Fanta-bulleux, n'est-ce pas ?"",""id"":36841},{""source"":""gemini"",""original_id"":""33346"",""pun"":""Un succès de taille ? Non, c'est GÉANT-ial !"",""id"":97293},{""source"":""gpt_single"",""original_id"":"""",""pun"":""Un Fanta qui pétille en smoking, c’est fantabulisté, non ?"",""id"":48613}]"	pooled_rankings	"{""comedian"":100.0,""pun_expert"":0.0,""editor"":0.0,""translator"":0.0}"	"{""claude"":25.0,""gemini_pro"":25.0,""gpt"":25.0}"	"{""36841"":30000.0,""97293"":22500.0,""23233"":15000.0,""48613"":7500.0}"	"[{""id"":36841,""source"":""gemini_pro_single"",""original_id"":"""",""score"":30000.0,""pun"":""Ce soda à l'orange est vraiment Fanta-bulleux, n'est-ce pas ?""},{""id"":97293,""source"":""gemini"",""original_id"":""33346"",""score"":22500.0,""pun"":""Un succès de taille ? Non, c'est GÉANT-ial !""},{""id"":23233,""source"":""claude"",""original_id"":""23836"",""score"":15000.0,""pun"":""C'est fabulistique, non? — Mi-fable, mi-mystique, totalement magique!""},{""id"":48613,""source"":""gpt_single"",""original_id"":"""",""score"":7500.0,""pun"":""Un Fanta qui pétille en smoking, c’est fantabulisté, non ?""}]"	36841	gemini_pro_single		Ce soda à l'orange est vraiment Fanta-bulleux, n'est-ce pas ?	30000.0		discriminator_run2_v4
962	Faraday was charged up with the idea.	"[{""source"":""gpt_single"",""original_id"":"""",""pun"":""Faraday était chargé à bloc par son idée : le courant passait déjà."",""id"":21175},{""source"":""claude"",""original_id"":""50818"",""pun"":""Faraday était chargé à bloc — son enthousiasme ne connaissait pas de résistance."",""id"":10374},{""source"":""gemini"",""original_id"":""52522"",""pun"":""En découvrant l'induction, Faraday était au courant de tout."",""id"":30296},{""source"":""gemini_pro_single"",""original_id"":"""",""pun"":""Faraday était chargé à bloc par cette idée."",""id"":84331}]"	pooled_rankings	"{""comedian"":100.0,""pun_expert"":0.0,""editor"":0.0,""translator"":0.0}"	"{""claude"":25.0,""gemini_pro"":25.0,""gpt"":25.0}"	"{""10374"":25000.0,""30296"":25000.0,""21175"":15000.0,""84331"":10000.0}"	"[{""id"":10374,""source"":""claude"",""original_id"":""50818"",""score"":25000.0,""pun"":""Faraday était chargé à bloc — son enthousiasme ne connaissait pas de résistance.""},{""id"":30296,""source"":""gemini"",""original_id"":""52522"",""score"":25000.0,""pun"":""En découvrant l'induction, Faraday était au courant de tout.""},{""id"":21175,""source"":""gpt_single"",""original_id"":"""",""score"":15000.0,""pun"":""Faraday était chargé à bloc par son idée : le courant passait déjà.""},{""id"":84331,""source"":""gemini_pro_single"",""original_id"":"""",""score"":10000.0,""pun"":""Faraday était chargé à bloc par cette idée.""}]"	10374	claude	50818	Faraday était chargé à bloc — son enthousiasme ne connaissait pas de résistance.	25000.0		discriminator_run2_v4
963	Farmers can hardly wheat for a good harvest.	"[{""source"":""gemini_pro_single"",""original_id"":"""",""pun"":""Impatients, les céréaliers veulent moissonner sur-le-champ."",""id"":28039},{""source"":""claude"",""original_id"":""61948"",""pun"":""L'agriculteur attendait la récolte avec impatience — il était vraiment dans ses blés !"",""id"":97423},{""source"":""gemini"",""original_id"":""93889"",""pun"":""On a demandé au fermier s'il était riche, il a répondu : 'J'ai beaucoup d'oseille, mais surtout du blé'."",""id"":96070},{""source"":""gpt_single"",""original_id"":"""",""pun"":""Les agriculteurs ont hâte de moissonner : ils vont enfin se faire du blé."",""id"":77719}]"	pooled_rankings	"{""comedian"":100.0,""pun_expert"":0.0,""editor"":0.0,""translator"":0.0}"	"{""claude"":25.0,""gemini_pro"":25.0,""gpt"":25.0}"	"{""77719"":25000.0,""28039"":22500.0,""96070"":17500.0,""97423"":10000.0}"	"[{""id"":77719,""source"":""gpt_single"",""original_id"":"""",""score"":25000.0,""pun"":""Les agriculteurs ont hâte de moissonner : ils vont enfin se faire du blé.""},{""id"":28039,""source"":""gemini_pro_single"",""original_id"":"""",""score"":22500.0,""pun"":""Impatients, les céréaliers veulent moissonner sur-le-champ.""},{""id"":96070,""source"":""gemini"",""original_id"":""93889"",""score"":17500.0,""pun"":""On a demandé au fermier s'il était riche, il a répondu : 'J'ai beaucoup d'oseille, mais surtout du blé'.""},{""id"":97423,""source"":""claude"",""original_id"":""61948"",""score"":10000.0,""pun"":""L'agriculteur attendait la récolte avec impatience — il était vraiment dans ses blés !""}]"	77719	gpt_single		Les agriculteurs ont hâte de moissonner : ils vont enfin se faire du blé.	25000.0		discriminator_run2_v4
964	Fashion is something that goes in one era and out the other.	"[{""source"":""gemini"",""original_id"":""81965"",""pun"":""Les historiens de la mode ont souvent de bons gènes : c'est une question de génération."",""id"":68026},{""source"":""gpt_single"",""original_id"":"""",""pun"":""La mode, ça entre dans une ère et ça ressort par l’autre oreille."",""id"":95132},{""source"":""gemini_pro_single"",""original_id"":"""",""pun"":""La mode traverse les époques comme un simple courant d'ère."",""id"":28578},{""source"":""claude"",""original_id"":""22198"",""pun"":""La mode, c'est une époque qui entre par une oreille et sort par l'autre."",""id"":77054}]"	pooled_rankings	"{""comedian"":100.0,""pun_expert"":0.0,""editor"":0.0,""translator"":0.0}"	"{""claude"":25.0,""gemini_pro"":25.0,""gpt"":25.0}"	"{""28578"":27500.0,""68026"":22500.0,""95132"":17500.0,""77054"":7500.0}"	"[{""id"":28578,""source"":""gemini_pro_single"",""original_id"":"""",""score"":27500.0,""pun"":""La mode traverse les époques comme un simple courant d'ère.""},{""id"":68026,""source"":""gemini"",""original_id"":""81965"",""score"":22500.0,""pun"":""Les historiens de la mode ont souvent de bons gènes : c'est une question de génération.""},{""id"":95132,""source"":""gpt_single"",""original_id"":"""",""score"":17500.0,""pun"":""La mode, ça entre dans une ère et ça ressort par l’autre oreille.""},{""id"":77054,""source"":""claude"",""original_id"":""22198"",""score"":7500.0,""pun"":""La mode, c'est une époque qui entre par une oreille et sort par l'autre.""}]"	28578	gemini_pro_single		La mode traverse les époques comme un simple courant d'ère.	27500.0		discriminator_run2_v4
965	Fashionable women in Indiana all wear designer Hoosiery.	"[{""source"":""claude"",""original_id"":""83876"",""pun"":""Les femmes branchées de l'Indiana adorent les collants de luxe. Normal, elles sont toujours bien dans leurs bas."",""id"":30927},{""source"":""gemini"",""original_id"":""39901"",""pun"":""Une femme élégante d'Indianapolis ne met pas de collants, elle met de la haute Hoosier-ie."",""id"":60722},{""source"":""gemini_pro_single"",""original_id"":"""",""pun"":""Dans le Haut-Rhin, les femmes à la mode portent toutes des Bas-Rhin."",""id"":41197},{""source"":""gpt_single"",""original_id"":"""",""pun"":""En Indiana, les élégantes ne portent pas de haute couture : elles préfèrent la haute Hoosierie."",""id"":34308}]"	pooled_rankings	"{""comedian"":100.0,""pun_expert"":0.0,""editor"":0.0,""translator"":0.0}"	"{""claude"":25.0,""gemini_pro"":25.0,""gpt"":25.0}"	"{""41197"":30000.0,""30927"":22500.0,""34308"":12500.0,""60722"":10000.0}"	"[{""id"":41197,""source"":""gemini_pro_single"",""original_id"":"""",""score"":30000.0,""pun"":""Dans le Haut-Rhin, les femmes à la mode portent toutes des Bas-Rhin.""},{""id"":30927,""source"":""claude"",""original_id"":""83876"",""score"":22500.0,""pun"":""Les femmes branchées de l'Indiana adorent les collants de luxe. Normal, elles sont toujours bien dans leurs bas.""},{""id"":34308,""source"":""gpt_single"",""original_id"":"""",""score"":12500.0,""pun"":""En Indiana, les élégantes ne portent pas de haute couture : elles préfèrent la haute Hoosierie.""},{""id"":60722,""source"":""gemini"",""original_id"":""39901"",""score"":10000.0,""pun"":""Une femme élégante d'Indianapolis ne met pas de collants, elle met de la haute Hoosier-ie.""}]"	41197	gemini_pro_single		Dans le Haut-Rhin, les femmes à la mode portent toutes des Bas-Rhin.	30000.0		discriminator_run2_v4
966	Ferry good!	"[{""source"":""gpt_single"",""original_id"":"""",""pun"":""Ce ferry est mer-veilleux !"",""id"":92811},{""source"":""claude"",""original_id"":""31662"",""pun"":""Ce traversier est ferry bon !"",""id"":87865},{""source"":""gemini"",""original_id"":""18072"",""pun"":""Quai-ce que tu racontes ?"",""id"":77078},{""source"":""gemini_pro_single"",""original_id"":"""",""pun"":""Cette traversée en bateau était tout simplement ferryque !"",""id"":86548}]"	pooled_rankings	"{""comedian"":100.0,""pun_expert"":0.0,""editor"":0.0,""translator"":0.0}"	"{""claude"":25.0,""gemini_pro"":25.0,""gpt"":25.0}"	"{""92811"":27500.0,""86548"":22500.0,""77078"":17500.0,""87865"":7500.0}"	"[{""id"":92811,""source"":""gpt_single"",""original_id"":"""",""score"":27500.0,""pun"":""Ce ferry est mer-veilleux !""},{""id"":86548,""source"":""gemini_pro_single"",""original_id"":"""",""score"":22500.0,""pun"":""Cette traversée en bateau était tout simplement ferryque !""},{""id"":77078,""source"":""gemini"",""original_id"":""18072"",""score"":17500.0,""pun"":""Quai-ce que tu racontes ?""},{""id"":87865,""source"":""claude"",""original_id"":""31662"",""score"":7500.0,""pun"":""Ce traversier est ferry bon !""}]"	92811	gpt_single		Ce ferry est mer-veilleux !	27500.0		discriminator_run2_v4
967	Fight Truth Decay... Study The Bible Daily	"[{""source"":""gemini"",""original_id"":""21111"",""pun"":""Ne laissez pas la plaque d'athée s'installer sur votre cœur."",""id"":96329},{""source"":""gemini_pro_single"",""original_id"":"""",""pun"":""Combattez la carie d'enfer : lisez la Bible au quotidien !"",""id"":20190},{""source"":""claude"",""original_id"":""97861"",""pun"":""La Bible : le seul dentifrice qui blanchit vraiment l'âme."",""id"":73234},{""source"":""gpt_single"",""original_id"":"""",""pun"":""Contre la carie de l’âme, lisez la Bible chaque jour : c’est le dentifrice du péché."",""id"":27311}]"	pooled_rankings	"{""comedian"":100.0,""pun_expert"":0.0,""editor"":0.0,""translator"":0.0}"	"{""claude"":25.0,""gemini_pro"":25.0,""gpt"":25.0}"	"{""20190"":25000.0,""73234"":20000.0,""27311"":17500.0,""96329"":12500.0}"	"[{""id"":20190,""source"":""gemini_pro_single"",""original_id"":"""",""score"":25000.0,""pun"":""Combattez la carie d'enfer : lisez la Bible au quotidien !""},{""id"":73234,""source"":""claude"",""original_id"":""97861"",""score"":20000.0,""pun"":""La Bible : le seul dentifrice qui blanchit vraiment l'âme.""},{""id"":27311,""source"":""gpt_single"",""original_id"":"""",""score"":17500.0,""pun"":""Contre la carie de l’âme, lisez la Bible chaque jour : c’est le dentifrice du péché.""},{""id"":96329,""source"":""gemini"",""original_id"":""21111"",""score"":12500.0,""pun"":""Ne laissez pas la plaque d'athée s'installer sur votre cœur.""}]"	20190	gemini_pro_single		Combattez la carie d'enfer : lisez la Bible au quotidien !	25000.0		discriminator_run2_v4
968	"Fights you in ""cold"" blood."	"[{""source"":""gemini"",""original_id"":""66500"",""pun"":""Il m'a frappé avec un bloc de glace, c'était un crime de sang-froid."",""id"":67818},{""source"":""gemini_pro_single"",""original_id"":"""",""pun"":""Le serpent est un redoutable adversaire en plein combat : il garde toujours son sang-froid."",""id"":55362},{""source"":""gpt_single"",""original_id"":"""",""pun"":""Il te cogne de sang-froid : à chaque droite, il te met au frais."",""id"":75666},{""source"":""claude"",""original_id"":""14139"",""pun"":""Il combat de sang-froid. Son médecin appelle ça une mauvaise circulation."",""id"":78619}]"	pooled_rankings	"{""comedian"":100.0,""pun_expert"":0.0,""editor"":0.0,""translator"":0.0}"	"{""claude"":25.0,""gemini_pro"":25.0,""gpt"":25.0}"	"{""67818"":22500.0,""55362"":20000.0,""78619"":17500.0,""75666"":15000.0}"	"[{""id"":67818,""source"":""gemini"",""original_id"":""66500"",""score"":22500.0,""pun"":""Il m'a frappé avec un bloc de glace, c'était un crime de sang-froid.""},{""id"":55362,""source"":""gemini_pro_single"",""original_id"":"""",""score"":20000.0,""pun"":""Le serpent est un redoutable adversaire en plein combat : il garde toujours son sang-froid.""},{""id"":78619,""source"":""claude"",""original_id"":""14139"",""score"":17500.0,""pun"":""Il combat de sang-froid. Son médecin appelle ça une mauvaise circulation.""},{""id"":75666,""source"":""gpt_single"",""original_id"":"""",""score"":15000.0,""pun"":""Il te cogne de sang-froid : à chaque droite, il te met au frais.""}]"	67818	gemini	66500	Il m'a frappé avec un bloc de glace, c'était un crime de sang-froid.	22500.0		discriminator_run2_v4
969	Figure skaters don't like to be in a rut.	"[{""source"":""gemini"",""original_id"":""10271"",""pun"":""Les patineurs n'ont pas de préjugés, ils ne veulent pas rester figés."",""id"":76925},{""source"":""claude"",""original_id"":""68745"",""pun"":""Les patineurs artistiques ne veulent surtout pas glisser dans la routine — ils glissent déjà bien assez."",""id"":29035},{""source"":""gemini_pro_single"",""original_id"":"""",""pun"":""Les patineurs artistiques détestent la routine : ils ont horreur de tourner en rond."",""id"":73891},{""source"":""gpt_single"",""original_id"":"""",""pun"":""Les patineurs artistiques fuient l’ornière : sur la glace comme dans la vie, ça empêche de faire des figures."",""id"":59127}]"	pooled_rankings	"{""comedian"":100.0,""pun_expert"":0.0,""editor"":0.0,""translator"":0.0}"	"{""claude"":25.0,""gemini_pro"":25.0,""gpt"":25.0}"	"{""73891"":30000.0,""29035"":22500.0,""59127"":12500.0,""76925"":10000.0}"	"[{""id"":73891,""source"":""gemini_pro_single"",""original_id"":"""",""score"":30000.0,""pun"":""Les patineurs artistiques détestent la routine : ils ont horreur de tourner en rond.""},{""id"":29035,""source"":""claude"",""original_id"":""68745"",""score"":22500.0,""pun"":""Les patineurs artistiques ne veulent surtout pas glisser dans la routine — ils glissent déjà bien assez.""},{""id"":59127,""source"":""gpt_single"",""original_id"":"""",""score"":12500.0,""pun"":""Les patineurs artistiques fuient l’ornière : sur la glace comme dans la vie, ça empêche de faire des figures.""},{""id"":76925,""source"":""gemini"",""original_id"":""10271"",""score"":10000.0,""pun"":""Les patineurs n'ont pas de préjugés, ils ne veulent pas rester figés.""}]"	73891	gemini_pro_single		Les patineurs artistiques détestent la routine : ils ont horreur de tourner en rond.	30000.0		discriminator_run2_v4
970	Fill it to the rim with Brim.	"[{""source"":""gemini"",""original_id"":""74410"",""pun"":""Pourquoi le café est-il stressé ? Parce qu'il se fait toujours moudre."",""id"":57262},{""source"":""gpt_single"",""original_id"":"""",""pun"":""Quand je suis débordé, je me sers un café à ras bord."",""id"":31520},{""source"":""gemini_pro_single"",""original_id"":"""",""pun"":""Même rempli à ras bord, un décaféiné ne débordera jamais d'énergie."",""id"":71636},{""source"":""claude"",""original_id"":""85462"",""pun"":""Il a rempli son verre jusqu'au bord. On l'appelle le 'bord-élais' — il noie tout dans le vin !"",""id"":64410}]"	pooled_rankings	"{""comedian"":100.0,""pun_expert"":0.0,""editor"":0.0,""translator"":0.0}"	"{""claude"":25.0,""gemini_pro"":25.0,""gpt"":25.0}"	"{""57262"":22500.0,""71636"":20000.0,""31520"":17500.0,""64410"":15000.0}"	"[{""id"":57262,""source"":""gemini"",""original_id"":""74410"",""score"":22500.0,""pun"":""Pourquoi le café est-il stressé ? Parce qu'il se fait toujours moudre.""},{""id"":71636,""source"":""gemini_pro_single"",""original_id"":"""",""score"":20000.0,""pun"":""Même rempli à ras bord, un décaféiné ne débordera jamais d'énergie.""},{""id"":31520,""source"":""gpt_single"",""original_id"":"""",""score"":17500.0,""pun"":""Quand je suis débordé, je me sers un café à ras bord.""},{""id"":64410,""source"":""claude"",""original_id"":""85462"",""score"":15000.0,""pun"":""Il a rempli son verre jusqu'au bord. On l'appelle le 'bord-élais' — il noie tout dans le vin !""}]"	57262	gemini	74410	Pourquoi le café est-il stressé ? Parce qu'il se fait toujours moudre.	22500.0		discriminator_run2_v4
971	Fill your cup to the rim with the richness of Brim.	"[{""source"":""gemini_pro_single"",""original_id"":"""",""pun"":""Remplissez votre tasse à ras bord avec toute la richesse de L'Or."",""id"":55592},{""source"":""gemini"",""original_id"":""26013"",""pun"":""Le café du sableur a toujours un petit grain de folie."",""id"":92898},{""source"":""claude"",""original_id"":""46467"",""pun"":""Remplis ton café jusqu'au bord : c'est bord-élant de bonheur !"",""id"":84373},{""source"":""gpt_single"",""original_id"":"""",""pun"":""Avec Bord, remplissez votre tasse à ras-bord d’arômes."",""id"":80405}]"	pooled_rankings	"{""comedian"":100.0,""pun_expert"":0.0,""editor"":0.0,""translator"":0.0}"	"{""claude"":25.0,""gemini_pro"":25.0,""gpt"":25.0}"	"{""92898"":30000.0,""84373"":17500.0,""80405"":15000.0,""55592"":12500.0}"	"[{""id"":92898,""source"":""gemini"",""original_id"":""26013"",""score"":30000.0,""pun"":""Le café du sableur a toujours un petit grain de folie.""},{""id"":84373,""source"":""claude"",""original_id"":""46467"",""score"":17500.0,""pun"":""Remplis ton café jusqu'au bord : c'est bord-élant de bonheur !""},{""id"":80405,""source"":""gpt_single"",""original_id"":"""",""score"":15000.0,""pun"":""Avec Bord, remplissez votre tasse à ras-bord d’arômes.""},{""id"":55592,""source"":""gemini_pro_single"",""original_id"":"""",""score"":12500.0,""pun"":""Remplissez votre tasse à ras bord avec toute la richesse de L'Or.""}]"	92898	gemini	26013	Le café du sableur a toujours un petit grain de folie.	30000.0		discriminator_run2_v4
972	Finally got around to reading that book about clocks! It's about time!	"[{""source"":""claude"",""original_id"":""85662"",""pun"":""J'ai enfin lu ce livre sur les horloges. Il était temps !"",""id"":63704},{""source"":""gpt_single"",""original_id"":"""",""pun"":""J’ai enfin lu ce bouquin sur les horloges : il était temps !"",""id"":10804},{""source"":""gemini_pro_single"",""original_id"":"""",""pun"":""J'ai enfin lu ce livre sur les horloges... Il était temps !"",""id"":29644},{""source"":""gemini"",""original_id"":""19566"",""pun"":""Le livre sur les cadrans solaires m'a ébloui : il fait vraiment la lumière sur le sujet."",""id"":49013}]"	pooled_rankings	"{""comedian"":100.0,""pun_expert"":0.0,""editor"":0.0,""translator"":0.0}"	"{""claude"":25.0,""gemini_pro"":25.0,""gpt"":25.0}"	"{""10804"":25000.0,""63704"":20000.0,""29644"":15000.0,""49013"":15000.0}"	"[{""id"":10804,""source"":""gpt_single"",""original_id"":"""",""score"":25000.0,""pun"":""J’ai enfin lu ce bouquin sur les horloges : il était temps !""},{""id"":63704,""source"":""claude"",""original_id"":""85662"",""score"":20000.0,""pun"":""J'ai enfin lu ce livre sur les horloges. Il était temps !""},{""id"":29644,""source"":""gemini_pro_single"",""original_id"":"""",""score"":15000.0,""pun"":""J'ai enfin lu ce livre sur les horloges... Il était temps !""},{""id"":49013,""source"":""gemini"",""original_id"":""19566"",""score"":15000.0,""pun"":""Le livre sur les cadrans solaires m'a ébloui : il fait vraiment la lumière sur le sujet.""}]"	10804	gpt_single		J’ai enfin lu ce bouquin sur les horloges : il était temps !	25000.0		discriminator_run2_v4
973	Find us to get lost!	"[{""source"":""gemini"",""original_id"":""19569"",""pun"":""Un explorateur qui ne sait plus où il habite est un homme de terrain vague."",""id"":24415},{""source"":""claude"",""original_id"":""87506"",""pun"":""Venez vous perdre chez nous — c'est le chemin le plus court pour se retrouver."",""id"":87206},{""source"":""gemini_pro_single"",""original_id"":"""",""pun"":""Retrouvez-nous pour mieux vous perdre !"",""id"":94061},{""source"":""gpt_single"",""original_id"":"""",""pun"":""Trouvez-nous : chez nous, on se perd dans les sentiers comme dans ses pensées."",""id"":14418}]"	pooled_rankings	"{""comedian"":100.0,""pun_expert"":0.0,""editor"":0.0,""translator"":0.0}"	"{""claude"":25.0,""gemini_pro"":25.0,""gpt"":25.0}"	"{""24415"":25000.0,""87206"":22500.0,""94061"":20000.0,""14418"":7500.0}"	"[{""id"":24415,""source"":""gemini"",""original_id"":""19569"",""score"":25000.0,""pun"":""Un explorateur qui ne sait plus où il habite est un homme de terrain vague.""},{""id"":87206,""source"":""claude"",""original_id"":""87506"",""score"":22500.0,""pun"":""Venez vous perdre chez nous — c'est le chemin le plus court pour se retrouver.""},{""id"":94061,""source"":""gemini_pro_single"",""original_id"":"""",""score"":20000.0,""pun"":""Retrouvez-nous pour mieux vous perdre !""},{""id"":14418,""source"":""gpt_single"",""original_id"":"""",""score"":7500.0,""pun"":""Trouvez-nous : chez nous, on se perd dans les sentiers comme dans ses pensées.""}]"	24415	gemini	19569	Un explorateur qui ne sait plus où il habite est un homme de terrain vague.	25000.0		discriminator_run2_v4
974	Find your drive.	"[{""source"":""gemini"",""original_id"":""41761"",""pun"":""Il n'a aucune motivation, c'est un moteur à deux temps : le temps de manger et le temps de dormir."",""id"":99257},{""source"":""claude"",""original_id"":""35890"",""pun"":""J'ai trouvé mon moteur : c'est le café. Panne sèche garantie à 22h."",""id"":78116},{""source"":""gpt_single"",""original_id"":"""",""pun"":""Trouvez votre élan : c’est lui qui fait démarrer le moteur… et les ambitions."",""id"":33517},{""source"":""gemini_pro_single"",""original_id"":"""",""pun"":""En panne d'ambition, le mécanicien a fini par trouver son moteur."",""id"":97160}]"	pooled_rankings	"{""comedian"":100.0,""pun_expert"":0.0,""editor"":0.0,""translator"":0.0}"	"{""claude"":25.0,""gemini_pro"":25.0,""gpt"":25.0}"	"{""99257"":30000.0,""78116"":20000.0,""97160"":17500.0,""33517"":7500.0}"	"[{""id"":99257,""source"":""gemini"",""original_id"":""41761"",""score"":30000.0,""pun"":""Il n'a aucune motivation, c'est un moteur à deux temps : le temps de manger et le temps de dormir.""},{""id"":78116,""source"":""claude"",""original_id"":""35890"",""score"":20000.0,""pun"":""J'ai trouvé mon moteur : c'est le café. Panne sèche garantie à 22h.""},{""id"":97160,""source"":""gemini_pro_single"",""original_id"":"""",""score"":17500.0,""pun"":""En panne d'ambition, le mécanicien a fini par trouver son moteur.""},{""id"":33517,""source"":""gpt_single"",""original_id"":"""",""score"":7500.0,""pun"":""Trouvez votre élan : c’est lui qui fait démarrer le moteur… et les ambitions.""}]"	99257	gemini	41761	Il n'a aucune motivation, c'est un moteur à deux temps : le temps de manger et le temps de dormir.	30000.0		discriminator_run2_v4
975	Finding all possible logical relations between a finite collection of sets is not a matter of If but Venn.	"[{""source"":""gemini_pro_single"",""original_id"":"""",""pun"":""Vouloir trouver l'intersection de deux ensembles disjoints est une tentative totalement Venn."",""id"":74851},{""source"":""claude"",""original_id"":""87588"",""pun"":""En logique des ensembles, tout est une question de Venn… et de quand on trouve l'intersection."",""id"":38792},{""source"":""gpt_single"",""original_id"":"""",""pun"":""Les relations entre ensembles, ce n’est pas une question de veine : c’est une question de Venn."",""id"":85574},{""source"":""gemini"",""original_id"":""85357"",""pun"":""Pourquoi les mathématiciens n'utilisent-ils jamais de GPS ? Parce qu'avec les diagrammes de Venn, ils savent toujours d'où ils Venn."",""id"":54249}]"	pooled_rankings	"{""comedian"":100.0,""pun_expert"":0.0,""editor"":0.0,""translator"":0.0}"	"{""claude"":25.0,""gemini_pro"":25.0,""gpt"":25.0}"	"{""54249"":25000.0,""74851"":22500.0,""85574"":17500.0,""38792"":10000.0}"	"[{""id"":54249,""source"":""gemini"",""original_id"":""85357"",""score"":25000.0,""pun"":""Pourquoi les mathématiciens n'utilisent-ils jamais de GPS ? Parce qu'avec les diagrammes de Venn, ils savent toujours d'où ils Venn.""},{""id"":74851,""source"":""gemini_pro_single"",""original_id"":"""",""score"":22500.0,""pun"":""Vouloir trouver l'intersection de deux ensembles disjoints est une tentative totalement Venn.""},{""id"":85574,""source"":""gpt_single"",""original_id"":"""",""score"":17500.0,""pun"":""Les relations entre ensembles, ce n’est pas une question de veine : c’est une question de Venn.""},{""id"":38792,""source"":""claude"",""original_id"":""87588"",""score"":10000.0,""pun"":""En logique des ensembles, tout est une question de Venn… et de quand on trouve l'intersection.""}]"	54249	gemini	85357	Pourquoi les mathématiciens n'utilisent-ils jamais de GPS ? Parce qu'avec les diagrammes de Venn, ils savent toujours d'où ils Venn.	25000.0		discriminator_run2_v4
976	Finding area is an integral part of calculus.	"[{""source"":""gemini"",""original_id"":""30434"",""pun"":""L'intégrale est un sport de combat : il faut savoir poser ses limites."",""id"":81251},{""source"":""claude"",""original_id"":""35389"",""pun"":""Pourquoi les fonctions adorent-elles l'intégration ? Parce que ça leur donne enfin une aire de famille."",""id"":59316},{""source"":""gemini_pro_single"",""original_id"":"""",""pun"":""Le calcul des aires ? C'est facile une fois qu'on l'a intégré !"",""id"":55071},{""source"":""gpt_single"",""original_id"":"""",""pun"":""Pour trouver l’aire sous la courbe, l’intégrale fait partie intégrante du calcul."",""id"":20187}]"	pooled_rankings	"{""comedian"":100.0,""pun_expert"":0.0,""editor"":0.0,""translator"":0.0}"	"{""claude"":25.0,""gemini_pro"":25.0,""gpt"":25.0}"	"{""81251"":30000.0,""59316"":22500.0,""55071"":15000.0,""20187"":7500.0}"	"[{""id"":81251,""source"":""gemini"",""original_id"":""30434"",""score"":30000.0,""pun"":""L'intégrale est un sport de combat : il faut savoir poser ses limites.""},{""id"":59316,""source"":""claude"",""original_id"":""35389"",""score"":22500.0,""pun"":""Pourquoi les fonctions adorent-elles l'intégration ? Parce que ça leur donne enfin une aire de famille.""},{""id"":55071,""source"":""gemini_pro_single"",""original_id"":"""",""score"":15000.0,""pun"":""Le calcul des aires ? C'est facile une fois qu'on l'a intégré !""},{""id"":20187,""source"":""gpt_single"",""original_id"":"""",""score"":7500.0,""pun"":""Pour trouver l’aire sous la courbe, l’intégrale fait partie intégrante du calcul.""}]"	81251	gemini	30434	L'intégrale est un sport de combat : il faut savoir poser ses limites.	30000.0		discriminator_run2_v4
977	Fire! he yelled alarmingly.	"[{""source"":""gemini"",""original_id"":""81245"",""pun"":""Il y a le feu ! s'écria-t-il, l'alarme à l'œil."",""id"":61433},{""source"":""claude"",""original_id"":""40892"",""pun"":""« Au feu ! » cria-t-il de façon alar-mante."",""id"":45590},{""source"":""gpt_single"",""original_id"":"""",""pun"":""« Au feu ! » cria-t-il d’un ton si alarmant que l’alarme incendie lui répondit : « Présente ! »"",""id"":28118},{""source"":""gemini_pro_single"",""original_id"":"""",""pun"":""« Au feu ! » s'alarma-t-il."",""id"":13768}]"	pooled_rankings	"{""comedian"":100.0,""pun_expert"":0.0,""editor"":0.0,""translator"":0.0}"	"{""claude"":25.0,""gemini_pro"":25.0,""gpt"":25.0}"	"{""28118"":22500.0,""61433"":20000.0,""13768"":17500.0,""45590"":15000.0}"	"[{""id"":28118,""source"":""gpt_single"",""original_id"":"""",""score"":22500.0,""pun"":""« Au feu ! » cria-t-il d’un ton si alarmant que l’alarme incendie lui répondit : « Présente ! »""},{""id"":61433,""source"":""gemini"",""original_id"":""81245"",""score"":20000.0,""pun"":""Il y a le feu ! s'écria-t-il, l'alarme à l'œil.""},{""id"":13768,""source"":""gemini_pro_single"",""original_id"":"""",""score"":17500.0,""pun"":""« Au feu ! » s'alarma-t-il.""},{""id"":45590,""source"":""claude"",""original_id"":""40892"",""score"":15000.0,""pun"":""« Au feu ! » cria-t-il de façon alar-mante.""}]"	28118	gpt_single		« Au feu ! » cria-t-il d’un ton si alarmant que l’alarme incendie lui répondit : « Présente ! »	22500.0		discriminator_run2_v4
978	Fire! he yelled alarmingly.	"[{""source"":""claude"",""original_id"":""61128"",""pun"":""Au feu ! cria-t-il de façon alarmante. Ou plutôt… alerte-mente."",""id"":27130},{""source"":""gpt_single"",""original_id"":"""",""pun"":""« Au feu ! » cria-t-il d’un ton si alarmant que l’alarme a sursauté."",""id"":90807},{""source"":""gemini_pro_single"",""original_id"":"""",""pun"":""« Au feu ! » cria-t-il de sa voix de sirène."",""id"":98986},{""source"":""gemini"",""original_id"":""85792"",""pun"":""Il y a une alerte au club de gym : c'est un signal de détresse-musculaire."",""id"":16573}]"	pooled_rankings	"{""comedian"":100.0,""pun_expert"":0.0,""editor"":0.0,""translator"":0.0}"	"{""claude"":25.0,""gemini_pro"":25.0,""gpt"":25.0}"	"{""98986"":27500.0,""90807"":25000.0,""27130"":12500.0,""16573"":10000.0}"	"[{""id"":98986,""source"":""gemini_pro_single"",""original_id"":"""",""score"":27500.0,""pun"":""« Au feu ! » cria-t-il de sa voix de sirène.""},{""id"":90807,""source"":""gpt_single"",""original_id"":"""",""score"":25000.0,""pun"":""« Au feu ! » cria-t-il d’un ton si alarmant que l’alarme a sursauté.""},{""id"":27130,""source"":""claude"",""original_id"":""61128"",""score"":12500.0,""pun"":""Au feu ! cria-t-il de façon alarmante. Ou plutôt… alerte-mente.""},{""id"":16573,""source"":""gemini"",""original_id"":""85792"",""score"":10000.0,""pun"":""Il y a une alerte au club de gym : c'est un signal de détresse-musculaire.""}]"	98986	gemini_pro_single		« Au feu ! » cria-t-il de sa voix de sirène.	27500.0		discriminator_run2_v4
979	Firefighters can rescue you, but only Jesus saves.	"[{""source"":""claude"",""original_id"":""66500"",""pun"":""Les pompiers peuvent vous secourir, mais seul Jésus sauve… les fichiers."",""id"":48861},{""source"":""gemini_pro_single"",""original_id"":"""",""pun"":""Les pompiers peuvent vous secourir, mais seul Jésus sauve."",""id"":36783},{""source"":""gpt_single"",""original_id"":"""",""pun"":""Les pompiers sauvent les meubles ; Jésus, lui, sauve les âmes."",""id"":54981},{""source"":""gemini"",""original_id"":""10338"",""pun"":""Le pompier monte à l'échelle, mais seul le Christ a le droit au ciel."",""id"":72452}]"	pooled_rankings	"{""comedian"":100.0,""pun_expert"":0.0,""editor"":0.0,""translator"":0.0}"	"{""claude"":25.0,""gemini_pro"":25.0,""gpt"":25.0}"	"{""48861"":27500.0,""54981"":22500.0,""36783"":17500.0,""72452"":7500.0}"	"[{""id"":48861,""source"":""claude"",""original_id"":""66500"",""score"":27500.0,""pun"":""Les pompiers peuvent vous secourir, mais seul Jésus sauve… les fichiers.""},{""id"":54981,""source"":""gpt_single"",""original_id"":"""",""score"":22500.0,""pun"":""Les pompiers sauvent les meubles ; Jésus, lui, sauve les âmes.""},{""id"":36783,""source"":""gemini_pro_single"",""original_id"":"""",""score"":17500.0,""pun"":""Les pompiers peuvent vous secourir, mais seul Jésus sauve.""},{""id"":72452,""source"":""gemini"",""original_id"":""10338"",""score"":7500.0,""pun"":""Le pompier monte à l'échelle, mais seul le Christ a le droit au ciel.""}]"	48861	claude	66500	Les pompiers peuvent vous secourir, mais seul Jésus sauve… les fichiers.	27500.0		discriminator_run2_v4
980	Firefighters have to take the heat when something goes wrong.	"[{""source"":""claude"",""original_id"":""78146"",""pun"":""Les pompiers ne craignent pas les flammes, mais les critiques leur font vraiment chaud aux oreilles."",""id"":42428},{""source"":""gemini_pro_single"",""original_id"":"""",""pun"":""En cas d'erreur de la caserne, ce sont toujours les pompiers qui se font incendier."",""id"":10227},{""source"":""gpt_single"",""original_id"":"""",""pun"":""Quand l’intervention dérape, les pompiers prennent toujours un coup de chaud."",""id"":72320},{""source"":""gemini"",""original_id"":""30017"",""pun"":""Le capitaine a grondé les pompiers : ça a jeté un froid, ce qui est quand même un comble pour eux."",""id"":32848}]"	pooled_rankings	"{""comedian"":100.0,""pun_expert"":0.0,""editor"":0.0,""translator"":0.0}"	"{""claude"":25.0,""gemini_pro"":25.0,""gpt"":25.0}"	"{""10227"":27500.0,""32848"":25000.0,""42428"":12500.0,""72320"":10000.0}"	"[{""id"":10227,""source"":""gemini_pro_single"",""original_id"":"""",""score"":27500.0,""pun"":""En cas d'erreur de la caserne, ce sont toujours les pompiers qui se font incendier.""},{""id"":32848,""source"":""gemini"",""original_id"":""30017"",""score"":25000.0,""pun"":""Le capitaine a grondé les pompiers : ça a jeté un froid, ce qui est quand même un comble pour eux.""},{""id"":42428,""source"":""claude"",""original_id"":""78146"",""score"":12500.0,""pun"":""Les pompiers ne craignent pas les flammes, mais les critiques leur font vraiment chaud aux oreilles.""},{""id"":72320,""source"":""gpt_single"",""original_id"":"""",""score"":10000.0,""pun"":""Quand l’intervention dérape, les pompiers prennent toujours un coup de chaud.""}]"	10227	gemini_pro_single		En cas d'erreur de la caserne, ce sont toujours les pompiers qui se font incendier.	27500.0		discriminator_run2_v4
981	First time hunters were arguing over which kind of animal tracks they had found when they were hit by a train.	"[{""source"":""claude"",""original_id"":""45063"",""pun"":""Deux chasseurs discutaient des empreintes quand le train est arrivé. L'enquête a conclu : ils avaient bien trouvé une piste ferrée."",""id"":21809},{""source"":""gemini_pro_single"",""original_id"":"""",""pun"":""Les chasseurs débutants se disputaient pour savoir quel animal avait laissé cette voie... quand le train les a fauchés."",""id"":56380},{""source"":""gemini"",""original_id"":""76763"",""pun"":""Les chasseurs se disputaient sur la nature des voies qu'ils suivaient lorsqu'un train les a remis sur les rails."",""id"":51852},{""source"":""gpt_single"",""original_id"":"""",""pun"":""Les chasseurs débutants débattaient des traces dans la boue ; le train leur a confirmé qu’ils étaient surtout sur la mauvaise voie."",""id"":21413}]"	pooled_rankings	"{""comedian"":100.0,""pun_expert"":0.0,""editor"":0.0,""translator"":0.0}"	"{""claude"":25.0,""gemini_pro"":25.0,""gpt"":25.0}"	"{""21413"":30000.0,""21809"":17500.0,""51852"":15000.0,""56380"":12500.0}"	"[{""id"":21413,""source"":""gpt_single"",""original_id"":"""",""score"":30000.0,""pun"":""Les chasseurs débutants débattaient des traces dans la boue ; le train leur a confirmé qu’ils étaient surtout sur la mauvaise voie.""},{""id"":21809,""source"":""claude"",""original_id"":""45063"",""score"":17500.0,""pun"":""Deux chasseurs discutaient des empreintes quand le train est arrivé. L'enquête a conclu : ils avaient bien trouvé une piste ferrée.""},{""id"":51852,""source"":""gemini"",""original_id"":""76763"",""score"":15000.0,""pun"":""Les chasseurs se disputaient sur la nature des voies qu'ils suivaient lorsqu'un train les a remis sur les rails.""},{""id"":56380,""source"":""gemini_pro_single"",""original_id"":"""",""score"":12500.0,""pun"":""Les chasseurs débutants se disputaient pour savoir quel animal avait laissé cette voie... quand le train les a fauchés.""}]"	21413	gpt_single		Les chasseurs débutants débattaient des traces dans la boue ; le train leur a confirmé qu’ils étaient surtout sur la mauvaise voie.	30000.0		discriminator_run2_v4
982	First you drive it. Then it drives you.	"[{""source"":""claude"",""original_id"":""47677"",""pun"":""D'abord tu conduis la voiture. Ensuite, c'est elle qui te mène."",""id"":95359},{""source"":""gemini"",""original_id"":""80612"",""pun"":""À force de conduire sans but, on finit par perdre les pédales."",""id"":81448},{""source"":""gpt_single"",""original_id"":"""",""pun"":""D’abord tu tiens le volant ; ensuite, ce sont tes pulsions qui le tiennent."",""id"":80408},{""source"":""gemini_pro_single"",""original_id"":"""",""pun"":""D'abord tu la conduis, ensuite elle dicte ta conduite."",""id"":21289}]"	pooled_rankings	"{""comedian"":100.0,""pun_expert"":0.0,""editor"":0.0,""translator"":0.0}"	"{""claude"":25.0,""gemini_pro"":25.0,""gpt"":25.0}"	"{""21289"":30000.0,""81448"":17500.0,""95359"":17500.0,""80408"":10000.0}"	"[{""id"":21289,""source"":""gemini_pro_single"",""original_id"":"""",""score"":30000.0,""pun"":""D'abord tu la conduis, ensuite elle dicte ta conduite.""},{""id"":81448,""source"":""gemini"",""original_id"":""80612"",""score"":17500.0,""pun"":""À force de conduire sans but, on finit par perdre les pédales.""},{""id"":95359,""source"":""claude"",""original_id"":""47677"",""score"":17500.0,""pun"":""D'abord tu conduis la voiture. Ensuite, c'est elle qui te mène.""},{""id"":80408,""source"":""gpt_single"",""original_id"":"""",""score"":10000.0,""pun"":""D’abord tu tiens le volant ; ensuite, ce sont tes pulsions qui le tiennent.""}]"	21289	gemini_pro_single		D'abord tu la conduis, ensuite elle dicte ta conduite.	30000.0		discriminator_run2_v4
983	Fishermen will often drink tea in the morning to make them more salt-TEA.	"[{""source"":""gpt_single"",""original_id"":"""",""pun"":""Pour se sentir plus marins, les pêcheurs boivent leur thé sans sucre : ça les rend plus à-mer."",""id"":36155},{""source"":""gemini"",""original_id"":""17118"",""pun"":""Un marin qui boit son thé sans sucre est un homme de quali-thé."",""id"":69559},{""source"":""gemini_pro_single"",""original_id"":"""",""pun"":""Les pêcheurs boivent souvent une infusion le matin pour maintenir une bonne salini-thé."",""id"":72704},{""source"":""claude"",""original_id"":""74035"",""pun"":""Les pêcheurs boivent du thé le matin pour être plus a-salés dans leur travail."",""id"":62306}]"	pooled_rankings	"{""comedian"":100.0,""pun_expert"":0.0,""editor"":0.0,""translator"":0.0}"	"{""claude"":25.0,""gemini_pro"":25.0,""gpt"":25.0}"	"{""36155"":30000.0,""69559"":20000.0,""72704"":17500.0,""62306"":7500.0}"	"[{""id"":36155,""source"":""gpt_single"",""original_id"":"""",""score"":30000.0,""pun"":""Pour se sentir plus marins, les pêcheurs boivent leur thé sans sucre : ça les rend plus à-mer.""},{""id"":69559,""source"":""gemini"",""original_id"":""17118"",""score"":20000.0,""pun"":""Un marin qui boit son thé sans sucre est un homme de quali-thé.""},{""id"":72704,""source"":""gemini_pro_single"",""original_id"":"""",""score"":17500.0,""pun"":""Les pêcheurs boivent souvent une infusion le matin pour maintenir une bonne salini-thé.""},{""id"":62306,""source"":""claude"",""original_id"":""74035"",""score"":7500.0,""pun"":""Les pêcheurs boivent du thé le matin pour être plus a-salés dans leur travail.""}]"	36155	gpt_single		Pour se sentir plus marins, les pêcheurs boivent leur thé sans sucre : ça les rend plus à-mer.	30000.0		discriminator_run2_v4
984	Fishers often wet their appetite.	"[{""source"":""gemini_pro_single"",""original_id"":"""",""pun"":""Au bord de la rivière, les pêcheurs ont très vite l'eau à la bouche."",""id"":47213},{""source"":""gemini"",""original_id"":""20863"",""pun"":""Pourquoi les plongeurs sautent-ils toujours en arrière du bateau ? Parce que sinon ils tombent dedans."",""id"":42391},{""source"":""gpt_single"",""original_id"":"""",""pun"":""À la pêche, on n’aiguise pas seulement l’appétit : on mouille aussi l’appât."",""id"":58810},{""source"":""claude"",""original_id"":""62283"",""pun"":""Un pêcheur, ça ne mouille jamais son appétit — ça le noie !"",""id"":60066}]"	pooled_rankings	"{""comedian"":100.0,""pun_expert"":0.0,""editor"":0.0,""translator"":0.0}"	"{""claude"":25.0,""gemini_pro"":25.0,""gpt"":25.0}"	"{""42391"":30000.0,""58810"":20000.0,""47213"":17500.0,""60066"":7500.0}"	"[{""id"":42391,""source"":""gemini"",""original_id"":""20863"",""score"":30000.0,""pun"":""Pourquoi les plongeurs sautent-ils toujours en arrière du bateau ? Parce que sinon ils tombent dedans.""},{""id"":58810,""source"":""gpt_single"",""original_id"":"""",""score"":20000.0,""pun"":""À la pêche, on n’aiguise pas seulement l’appétit : on mouille aussi l’appât.""},{""id"":47213,""source"":""gemini_pro_single"",""original_id"":"""",""score"":17500.0,""pun"":""Au bord de la rivière, les pêcheurs ont très vite l'eau à la bouche.""},{""id"":60066,""source"":""claude"",""original_id"":""62283"",""score"":7500.0,""pun"":""Un pêcheur, ça ne mouille jamais son appétit — ça le noie !""}]"	42391	gemini	20863	Pourquoi les plongeurs sautent-ils toujours en arrière du bateau ? Parce que sinon ils tombent dedans.	30000.0		discriminator_run2_v4
985	Five brothers wanted to buy a horse, so they all had to pony up.	"[{""source"":""claude"",""original_id"":""11678"",""pun"":""Cinq frères ont voulu s'acheter un poulain. Ça leur a coûté une poulaine... dans le portefeuille."",""id"":28605},{""source"":""gemini"",""original_id"":""55806"",""pun"":""Pour s'offrir ce canasson, ils ont dû mettre la main au poney."",""id"":94450},{""source"":""gpt_single"",""original_id"":"""",""pun"":""Pour acheter un cheval, les cinq frères ont tous dû casquer avant de monter en selle."",""id"":62408},{""source"":""gemini_pro_single"",""original_id"":"""",""pun"":""Cinq frères voulaient acheter un cheval, ils ont donc dû étalonner leurs paiements."",""id"":44976}]"	pooled_rankings	"{""comedian"":100.0,""pun_expert"":0.0,""editor"":0.0,""translator"":0.0}"	"{""claude"":25.0,""gemini_pro"":25.0,""gpt"":25.0}"	"{""94450"":27500.0,""44976"":20000.0,""62408"":17500.0,""28605"":10000.0}"	"[{""id"":94450,""source"":""gemini"",""original_id"":""55806"",""score"":27500.0,""pun"":""Pour s'offrir ce canasson, ils ont dû mettre la main au poney.""},{""id"":44976,""source"":""gemini_pro_single"",""original_id"":"""",""score"":20000.0,""pun"":""Cinq frères voulaient acheter un cheval, ils ont donc dû étalonner leurs paiements.""},{""id"":62408,""source"":""gpt_single"",""original_id"":"""",""score"":17500.0,""pun"":""Pour acheter un cheval, les cinq frères ont tous dû casquer avant de monter en selle.""},{""id"":28605,""source"":""claude"",""original_id"":""11678"",""score"":10000.0,""pun"":""Cinq frères ont voulu s'acheter un poulain. Ça leur a coûté une poulaine... dans le portefeuille.""}]"	94450	gemini	55806	Pour s'offrir ce canasson, ils ont dû mettre la main au poney.	27500.0		discriminator_run2_v4
986	Flick Your Bic!	"[{""source"":""claude"",""original_id"":""98546"",""pun"":""Mon briquet Bic est déprimé. Il dit qu'il n'a plus la flamme."",""id"":96701},{""source"":""gpt_single"",""original_id"":"""",""pun"":""J’ai pris mon Bic pour lui déclarer ma flamme : la lettre a pris feu."",""id"":10217},{""source"":""gemini"",""original_id"":""48181"",""pun"":""Pour faire une pétition sur la banquise, on utilise un Bic-ouin."",""id"":71174},{""source"":""gemini_pro_single"",""original_id"":"""",""pun"":""Pour déclarer sa flamme, rien ne vaut un Bic."",""id"":94302}]"	pooled_rankings	"{""comedian"":100.0,""pun_expert"":0.0,""editor"":0.0,""translator"":0.0}"	"{""claude"":25.0,""gemini_pro"":25.0,""gpt"":25.0}"	"{""96701"":27500.0,""10217"":25000.0,""94302"":12500.0,""71174"":10000.0}"	"[{""id"":96701,""source"":""claude"",""original_id"":""98546"",""score"":27500.0,""pun"":""Mon briquet Bic est déprimé. Il dit qu'il n'a plus la flamme.""},{""id"":10217,""source"":""gpt_single"",""original_id"":"""",""score"":25000.0,""pun"":""J’ai pris mon Bic pour lui déclarer ma flamme : la lettre a pris feu.""},{""id"":94302,""source"":""gemini_pro_single"",""original_id"":"""",""score"":12500.0,""pun"":""Pour déclarer sa flamme, rien ne vaut un Bic.""},{""id"":71174,""source"":""gemini"",""original_id"":""48181"",""score"":10000.0,""pun"":""Pour faire une pétition sur la banquise, on utilise un Bic-ouin.""}]"	96701	claude	98546	Mon briquet Bic est déprimé. Il dit qu'il n'a plus la flamme.	27500.0		discriminator_run2_v4
987	Flying these days is a frisky business.	"[{""source"":""gemini"",""original_id"":""34964"",""pun"":""On m'a fouillé de si près que je connais maintenant le parfum de l'agent : c'était très 'palpable'."",""id"":94626},{""source"":""gpt_single"",""original_id"":"""",""pun"":""À l’aéroport, le voyageur est toujours fringant : on commence par lui fouiller les fringues."",""id"":46780},{""source"":""gemini_pro_single"",""original_id"":"""",""pun"":""Prendre l'avion de nos jours, ça donne vraiment des palpations."",""id"":11032},{""source"":""claude"",""original_id"":""33889"",""pun"":""À l'aéroport, la sécurité vous trouve toujours… très touchant."",""id"":17848}]"	pooled_rankings	"{""comedian"":100.0,""pun_expert"":0.0,""editor"":0.0,""translator"":0.0}"	"{""claude"":25.0,""gemini_pro"":25.0,""gpt"":25.0}"	"{""11032"":25000.0,""17848"":25000.0,""46780"":12500.0,""94626"":12500.0}"	"[{""id"":11032,""source"":""gemini_pro_single"",""original_id"":"""",""score"":25000.0,""pun"":""Prendre l'avion de nos jours, ça donne vraiment des palpations.""},{""id"":17848,""source"":""claude"",""original_id"":""33889"",""score"":25000.0,""pun"":""À l'aéroport, la sécurité vous trouve toujours… très touchant.""},{""id"":46780,""source"":""gpt_single"",""original_id"":"""",""score"":12500.0,""pun"":""À l’aéroport, le voyageur est toujours fringant : on commence par lui fouiller les fringues.""},{""id"":94626,""source"":""gemini"",""original_id"":""34964"",""score"":12500.0,""pun"":""On m'a fouillé de si près que je connais maintenant le parfum de l'agent : c'était très 'palpable'.""}]"	11032	gemini_pro_single		Prendre l'avion de nos jours, ça donne vraiment des palpations.	25000.0		discriminator_run2_v4
988	Follow your knows.	"[{""source"":""gemini_pro_single"",""original_id"":"""",""pun"":""Pour trouver la bonne piste, suivez votre savoir-flair."",""id"":16068},{""source"":""claude"",""original_id"":""74249"",""pun"":""Mon médecin dit que je dois suivre mes instincts. Je l'ai pris au pied de la narine."",""id"":49869},{""source"":""gemini"",""original_id"":""76543"",""pun"":""Un intellectuel qui a du pif, c'est un sachant-senteur."",""id"":70859},{""source"":""gpt_single"",""original_id"":"""",""pun"":""Quand tu hésites, suis ton nez : il sait toujours ce qui sent bon."",""id"":87474}]"	pooled_rankings	"{""comedian"":100.0,""pun_expert"":0.0,""editor"":0.0,""translator"":0.0}"	"{""claude"":25.0,""gemini_pro"":25.0,""gpt"":25.0}"	"{""16068"":25000.0,""49869"":20000.0,""70859"":15000.0,""87474"":15000.0}"	"[{""id"":16068,""source"":""gemini_pro_single"",""original_id"":"""",""score"":25000.0,""pun"":""Pour trouver la bonne piste, suivez votre savoir-flair.""},{""id"":49869,""source"":""claude"",""original_id"":""74249"",""score"":20000.0,""pun"":""Mon médecin dit que je dois suivre mes instincts. Je l'ai pris au pied de la narine.""},{""id"":70859,""source"":""gemini"",""original_id"":""76543"",""score"":15000.0,""pun"":""Un intellectuel qui a du pif, c'est un sachant-senteur.""},{""id"":87474,""source"":""gpt_single"",""original_id"":"""",""score"":15000.0,""pun"":""Quand tu hésites, suis ton nez : il sait toujours ce qui sent bon.""}]"	16068	gemini_pro_single		Pour trouver la bonne piste, suivez votre savoir-flair.	25000.0		discriminator_run2_v4
989	Food for bad dogs is bought by the pound.	"[{""source"":""gemini"",""original_id"":""74908"",""pun"":""Comment appelle-t-1 un chien qui fait de la magie ? Un abracada-braque."",""id"":17332},{""source"":""gpt_single"",""original_id"":"""",""pun"":""Les croquettes pour chiens méchants, ça s’achète à la livre… puis ça se livre à la fourrière."",""id"":14958},{""source"":""gemini_pro_single"",""original_id"":"""",""pun"":""La nourriture pour les chiens malhonnêtes se vend en paquets d'escroquettes."",""id"":18726},{""source"":""claude"",""original_id"":""65796"",""pun"":""Mon chien est insupportable : sa nourriture coûte une livre, et lui finit toujours en fourrière."",""id"":91324}]"	pooled_rankings	"{""comedian"":100.0,""pun_expert"":0.0,""editor"":0.0,""translator"":0.0}"	"{""claude"":25.0,""gemini_pro"":25.0,""gpt"":25.0}"	"{""18726"":30000.0,""14958"":20000.0,""17332"":15000.0,""91324"":10000.0}"	"[{""id"":18726,""source"":""gemini_pro_single"",""original_id"":"""",""score"":30000.0,""pun"":""La nourriture pour les chiens malhonnêtes se vend en paquets d'escroquettes.""},{""id"":14958,""source"":""gpt_single"",""original_id"":"""",""score"":20000.0,""pun"":""Les croquettes pour chiens méchants, ça s’achète à la livre… puis ça se livre à la fourrière.""},{""id"":17332,""source"":""gemini"",""original_id"":""74908"",""score"":15000.0,""pun"":""Comment appelle-t-1 un chien qui fait de la magie ? Un abracada-braque.""},{""id"":91324,""source"":""claude"",""original_id"":""65796"",""score"":10000.0,""pun"":""Mon chien est insupportable : sa nourriture coûte une livre, et lui finit toujours en fourrière.""}]"	18726	gemini_pro_single		La nourriture pour les chiens malhonnêtes se vend en paquets d'escroquettes.	30000.0		discriminator_run2_v4
990	Food tastes like plutonium, says he, glowing.	"[{""source"":""gpt_single"",""original_id"":"""",""pun"":""« Ça a un goût de plutonium », dit-il, rayonnant."",""id"":12271},{""source"":""claude"",""original_id"":""95640"",""pun"":""La nourriture a un goût de plutonium, dit-il, rayonnant."",""id"":80000},{""source"":""gemini"",""original_id"":""22452"",""pun"":""Ma nouvelle lampe au plutonium est géniale, elle est tout simplement rayonnante."",""id"":32941},{""source"":""gemini_pro_single"",""original_id"":"""",""pun"":""« Ce régime au plutonium me fait un bien fou », dit-il, tout rayonnant."",""id"":98498}]"	pooled_rankings	"{""comedian"":100.0,""pun_expert"":0.0,""editor"":0.0,""translator"":0.0}"	"{""claude"":25.0,""gemini_pro"":25.0,""gpt"":25.0}"	"{""98498"":30000.0,""12271"":22500.0,""80000"":12500.0,""32941"":10000.0}"	"[{""id"":98498,""source"":""gemini_pro_single"",""original_id"":"""",""score"":30000.0,""pun"":""« Ce régime au plutonium me fait un bien fou », dit-il, tout rayonnant.""},{""id"":12271,""source"":""gpt_single"",""original_id"":"""",""score"":22500.0,""pun"":""« Ça a un goût de plutonium », dit-il, rayonnant.""},{""id"":80000,""source"":""claude"",""original_id"":""95640"",""score"":12500.0,""pun"":""La nourriture a un goût de plutonium, dit-il, rayonnant.""},{""id"":32941,""source"":""gemini"",""original_id"":""22452"",""score"":10000.0,""pun"":""Ma nouvelle lampe au plutonium est géniale, elle est tout simplement rayonnante.""}]"	98498	gemini_pro_single		« Ce régime au plutonium me fait un bien fou », dit-il, tout rayonnant.	30000.0		discriminator_run2_v4
991	Food that goes rotten while being transported to the store is un-pallet-able.	"[{""source"":""claude"",""original_id"":""83659"",""pun"":""La nourriture avariée pendant le transport ? C'est vraiment im-palette-able à voir !"",""id"":80674},{""source"":""gemini_pro_single"",""original_id"":"""",""pun"":""De la nourriture qui se gâte en route vers le magasin, ce n'est plus du transport, c'est du trans-pourri !"",""id"":19847},{""source"":""gpt_single"",""original_id"":"""",""pun"":""Quand la bouffe pourrit sur palette, elle ne flatte plus le palais."",""id"":80026},{""source"":""gemini"",""original_id"":""59365"",""pun"":""Vendre de la nourriture périmée, c'est avoir le sens de l'avarie-ce."",""id"":54476}]"	pooled_rankings	"{""comedian"":100.0,""pun_expert"":0.0,""editor"":0.0,""translator"":0.0}"	"{""claude"":25.0,""gemini_pro"":25.0,""gpt"":25.0}"	"{""19847"":27500.0,""80026"":25000.0,""54476"":15000.0,""80674"":7500.0}"	"[{""id"":19847,""source"":""gemini_pro_single"",""original_id"":"""",""score"":27500.0,""pun"":""De la nourriture qui se gâte en route vers le magasin, ce n'est plus du transport, c'est du trans-pourri !""},{""id"":80026,""source"":""gpt_single"",""original_id"":"""",""score"":25000.0,""pun"":""Quand la bouffe pourrit sur palette, elle ne flatte plus le palais.""},{""id"":54476,""source"":""gemini"",""original_id"":""59365"",""score"":15000.0,""pun"":""Vendre de la nourriture périmée, c'est avoir le sens de l'avarie-ce.""},{""id"":80674,""source"":""claude"",""original_id"":""83659"",""score"":7500.0,""pun"":""La nourriture avariée pendant le transport ? C'est vraiment im-palette-able à voir !""}]"	19847	gemini_pro_single		De la nourriture qui se gâte en route vers le magasin, ce n'est plus du transport, c'est du trans-pourri !	27500.0		discriminator_run2_v4
992	For a chemist disappointed in an experiment the reaction was on his face.	"[{""source"":""claude"",""original_id"":""76763"",""pun"":""Pour le chimiste déçu par son expérience, la réaction se lisait sur son visage."",""id"":90350},{""source"":""gpt_single"",""original_id"":"""",""pun"":""Le chimiste a raté son expérience : la seule réaction réussie se lisait sur son visage."",""id"":40008},{""source"":""gemini"",""original_id"":""51729"",""pun"":""Deux atomes d'hydrogène discutent. L'un dit : « J'ai perdu mon électron ! » L'autre : « Tu es sûr ? » « Oui, je suis positif ! »"",""id"":24467},{""source"":""gemini_pro_single"",""original_id"":"""",""pun"":""Pour ce chimiste déçu par son expérience, la réaction se lisait sur son visage."",""id"":85651}]"	pooled_rankings	"{""comedian"":100.0,""pun_expert"":0.0,""editor"":0.0,""translator"":0.0}"	"{""claude"":25.0,""gemini_pro"":25.0,""gpt"":25.0}"	"{""24467"":30000.0,""40008"":22500.0,""85651"":12500.0,""90350"":10000.0}"	"[{""id"":24467,""source"":""gemini"",""original_id"":""51729"",""score"":30000.0,""pun"":""Deux atomes d'hydrogène discutent. L'un dit : « J'ai perdu mon électron ! » L'autre : « Tu es sûr ? » « Oui, je suis positif ! »""},{""id"":40008,""source"":""gpt_single"",""original_id"":"""",""score"":22500.0,""pun"":""Le chimiste a raté son expérience : la seule réaction réussie se lisait sur son visage.""},{""id"":85651,""source"":""gemini_pro_single"",""original_id"":"""",""score"":12500.0,""pun"":""Pour ce chimiste déçu par son expérience, la réaction se lisait sur son visage.""},{""id"":90350,""source"":""claude"",""original_id"":""76763"",""score"":10000.0,""pun"":""Pour le chimiste déçu par son expérience, la réaction se lisait sur son visage.""}]"	24467	gemini	51729	Deux atomes d'hydrogène discutent. L'un dit : « J'ai perdu mon électron ! » L'autre : « Tu es sûr ? » « Oui, je suis positif ! »	30000.0		discriminator_run2_v4
993	For a dishonest employee: He's an unbelievable worker.	"[{""source"":""claude"",""original_id"":""83968"",""pun"":""Il est incroyable au travail — et ses collègues ne le croient effectivement plus du tout."",""id"":97673},{""source"":""gpt_single"",""original_id"":"""",""pun"":""Cet employé est incroyable : impossible de croire un mot de ce qu’il dit."",""id"":68956},{""source"":""gemini"",""original_id"":""16166"",""pun"":""Il travaille dans le montage vidéo ? Non, c'est juste un monteur professionnel."",""id"":48842},{""source"":""gemini_pro_single"",""original_id"":"""",""pun"":""Pour un employé malhonnête : c'est un travailleur incroyable."",""id"":90053}]"	pooled_rankings	"{""comedian"":100.0,""pun_expert"":0.0,""editor"":0.0,""translator"":0.0}"	"{""claude"":25.0,""gemini_pro"":25.0,""gpt"":25.0}"	"{""68956"":30000.0,""97673"":17500.0,""90053"":15000.0,""48842"":12500.0}"	"[{""id"":68956,""source"":""gpt_single"",""original_id"":"""",""score"":30000.0,""pun"":""Cet employé est incroyable : impossible de croire un mot de ce qu’il dit.""},{""id"":97673,""source"":""claude"",""original_id"":""83968"",""score"":17500.0,""pun"":""Il est incroyable au travail — et ses collègues ne le croient effectivement plus du tout.""},{""id"":90053,""source"":""gemini_pro_single"",""original_id"":"""",""score"":15000.0,""pun"":""Pour un employé malhonnête : c'est un travailleur incroyable.""},{""id"":48842,""source"":""gemini"",""original_id"":""16166"",""score"":12500.0,""pun"":""Il travaille dans le montage vidéo ? Non, c'est juste un monteur professionnel.""}]"	68956	gpt_single		Cet employé est incroyable : impossible de croire un mot de ce qu’il dit.	30000.0		discriminator_run2_v4
994	For a dishonest employee: He's an unbelievable worker.	"[{""source"":""gpt_single"",""original_id"":"""",""pun"":""Avec ses notes de frais bidons, c’est un employé incroyable : personne ne le croit."",""id"":65911},{""source"":""claude"",""original_id"":""12952"",""pun"":""Il est vraiment diligent — la diligence avec laquelle il vide la caisse est impressionnante."",""id"":25185},{""source"":""gemini"",""original_id"":""47125"",""pun"":""C'est un travailleur incroyable : à chaque fois qu'il parle, personne ne le croit."",""id"":96888},{""source"":""gemini_pro_single"",""original_id"":"""",""pun"":""Un employé qui passe son temps à mentir est forcément un travailleur incroyable."",""id"":11449}]"	pooled_rankings	"{""comedian"":100.0,""pun_expert"":0.0,""editor"":0.0,""translator"":0.0}"	"{""claude"":25.0,""gemini_pro"":25.0,""gpt"":25.0}"	"{""65911"":25000.0,""96888"":20000.0,""11449"":17500.0,""25185"":12500.0}"	"[{""id"":65911,""source"":""gpt_single"",""original_id"":"""",""score"":25000.0,""pun"":""Avec ses notes de frais bidons, c’est un employé incroyable : personne ne le croit.""},{""id"":96888,""source"":""gemini"",""original_id"":""47125"",""score"":20000.0,""pun"":""C'est un travailleur incroyable : à chaque fois qu'il parle, personne ne le croit.""},{""id"":11449,""source"":""gemini_pro_single"",""original_id"":"""",""score"":17500.0,""pun"":""Un employé qui passe son temps à mentir est forcément un travailleur incroyable.""},{""id"":25185,""source"":""claude"",""original_id"":""12952"",""score"":12500.0,""pun"":""Il est vraiment diligent — la diligence avec laquelle il vide la caisse est impressionnante.""}]"	65911	gpt_single		Avec ses notes de frais bidons, c’est un employé incroyable : personne ne le croit.	25000.0		discriminator_run2_v4
995	"For a fish, the end of a barbed hook is the ""point"" of no return."	"[{""source"":""gemini_pro_single"",""original_id"":"""",""pun"":""Pour un poisson, mordre à l'hameçon, c'est atteindre la pointe de non-retour."",""id"":21433},{""source"":""gpt_single"",""original_id"":"""",""pun"":""Pour un poisson, la pointe de l’hameçon, c’est le point de non-retour."",""id"":86324},{""source"":""gemini"",""original_id"":""32385"",""pun"":""L'hameçon est un objet très pointilleux : il s'accroche au moindre détail."",""id"":94754},{""source"":""claude"",""original_id"":""30063"",""pun"":""L'hameçon dit au poisson : 'On se retrouve au point de rencontre.' Le poisson n'est jamais reparti."",""id"":71091}]"	pooled_rankings	"{""comedian"":100.0,""pun_expert"":0.0,""editor"":0.0,""translator"":0.0}"	"{""claude"":25.0,""gemini_pro"":25.0,""gpt"":25.0}"	"{""86324"":25000.0,""21433"":20000.0,""94754"":17500.0,""71091"":12500.0}"	"[{""id"":86324,""source"":""gpt_single"",""original_id"":"""",""score"":25000.0,""pun"":""Pour un poisson, la pointe de l’hameçon, c’est le point de non-retour.""},{""id"":21433,""source"":""gemini_pro_single"",""original_id"":"""",""score"":20000.0,""pun"":""Pour un poisson, mordre à l'hameçon, c'est atteindre la pointe de non-retour.""},{""id"":94754,""source"":""gemini"",""original_id"":""32385"",""score"":17500.0,""pun"":""L'hameçon est un objet très pointilleux : il s'accroche au moindre détail.""},{""id"":71091,""source"":""claude"",""original_id"":""30063"",""score"":12500.0,""pun"":""L'hameçon dit au poisson : 'On se retrouve au point de rencontre.' Le poisson n'est jamais reparti.""}]"	86324	gpt_single		Pour un poisson, la pointe de l’hameçon, c’est le point de non-retour.	25000.0		discriminator_run2_v4
996	For a long time, black holes were a dark secret.	"[{""source"":""gemini"",""original_id"":""74575"",""pun"":""L'astrophysique est une science exacte, mais les trous noirs font souvent de l'ombre au tableau."",""id"":16418},{""source"":""gpt_single"",""original_id"":"""",""pun"":""Pendant longtemps, les trous noirs sont restés le secret le plus sombre de l’Univers."",""id"":20464},{""source"":""gemini_pro_single"",""original_id"":"""",""pun"":""Pendant longtemps, les trous noirs ont caché un bien sombre secret."",""id"":78649},{""source"":""claude"",""original_id"":""58152"",""pun"":""Les trous noirs, c'était le secret le mieux gardé de l'univers. Même la lumière ne pouvait pas vendre la mèche."",""id"":68155}]"	pooled_rankings	"{""comedian"":100.0,""pun_expert"":0.0,""editor"":0.0,""translator"":0.0}"	"{""claude"":25.0,""gemini_pro"":25.0,""gpt"":25.0}"	"{""68155"":30000.0,""16418"":22500.0,""20464"":15000.0,""78649"":7500.0}"	"[{""id"":68155,""source"":""claude"",""original_id"":""58152"",""score"":30000.0,""pun"":""Les trous noirs, c'était le secret le mieux gardé de l'univers. Même la lumière ne pouvait pas vendre la mèche.""},{""id"":16418,""source"":""gemini"",""original_id"":""74575"",""score"":22500.0,""pun"":""L'astrophysique est une science exacte, mais les trous noirs font souvent de l'ombre au tableau.""},{""id"":20464,""source"":""gpt_single"",""original_id"":"""",""score"":15000.0,""pun"":""Pendant longtemps, les trous noirs sont restés le secret le plus sombre de l’Univers.""},{""id"":78649,""source"":""gemini_pro_single"",""original_id"":"""",""score"":7500.0,""pun"":""Pendant longtemps, les trous noirs ont caché un bien sombre secret.""}]"	68155	claude	58152	Les trous noirs, c'était le secret le mieux gardé de l'univers. Même la lumière ne pouvait pas vendre la mèche.	30000.0		discriminator_run2_v4
997	For a pura mind and pura body.	"[{""source"":""gpt_single"",""original_id"":"""",""pun"":""Pour garder l’esprit pur et le corps pur, je bois pur : de l’eau."",""id"":59140},{""source"":""claude"",""original_id"":""84236"",""pun"":""Une âme pure, un corps pur — et un compte en banque vide. La pureté, ça ne paye pas en liquide."",""id"":72179},{""source"":""gemini_pro_single"",""original_id"":"""",""pun"":""Pour un esprit sain dans un corps sain, je m'hydrate pour le meilleur et pour le pur !"",""id"":87946},{""source"":""gemini"",""original_id"":""11656"",""pun"":""Pourquoi l'eau pure est-elle polie ? Parce qu'elle est toujours claire."",""id"":15231}]"	pooled_rankings	"{""comedian"":100.0,""pun_expert"":0.0,""editor"":0.0,""translator"":0.0}"	"{""claude"":25.0,""gemini_pro"":25.0,""gpt"":25.0}"	"{""87946"":25000.0,""72179"":22500.0,""59140"":20000.0,""15231"":7500.0}"	"[{""id"":87946,""source"":""gemini_pro_single"",""original_id"":"""",""score"":25000.0,""pun"":""Pour un esprit sain dans un corps sain, je m'hydrate pour le meilleur et pour le pur !""},{""id"":72179,""source"":""claude"",""original_id"":""84236"",""score"":22500.0,""pun"":""Une âme pure, un corps pur — et un compte en banque vide. La pureté, ça ne paye pas en liquide.""},{""id"":59140,""source"":""gpt_single"",""original_id"":"""",""score"":20000.0,""pun"":""Pour garder l’esprit pur et le corps pur, je bois pur : de l’eau.""},{""id"":15231,""source"":""gemini"",""original_id"":""11656"",""score"":7500.0,""pun"":""Pourquoi l'eau pure est-elle polie ? Parce qu'elle est toujours claire.""}]"	87946	gemini_pro_single		Pour un esprit sain dans un corps sain, je m'hydrate pour le meilleur et pour le pur !	25000.0		discriminator_run2_v4
998	For a while, Houdini used a lot of trap doors in his act, but he was just going through a stage.	"[{""source"":""gemini"",""original_id"":""28890"",""pun"":""Même s'il utilisait des trappes, Houdini n'était pas un homme superficiel : il allait toujours au fond des choses."",""id"":25341},{""source"":""gpt_single"",""original_id"":"""",""pun"":""Sur scène, Houdini passait son temps à passer par la trappe ; au fond, ce n’était qu’une mauvaise passe."",""id"":69368},{""source"":""gemini_pro_single"",""original_id"":"""",""pun"":""À une époque, Houdini voulait disparaître en utilisant le sol de la scène, mais ce projet est vite passé à la trappe."",""id"":47955},{""source"":""claude"",""original_id"":""59470"",""pun"":""Houdini faisait beaucoup de trappes dans ses spectacles, mais c'était juste une étape dans sa carrière."",""id"":88870}]"	pooled_rankings	"{""comedian"":100.0,""pun_expert"":0.0,""editor"":0.0,""translator"":0.0}"	"{""claude"":25.0,""gemini_pro"":25.0,""gpt"":25.0}"	"{""47955"":25000.0,""25341"":20000.0,""69368"":20000.0,""88870"":10000.0}"	"[{""id"":47955,""source"":""gemini_pro_single"",""original_id"":"""",""score"":25000.0,""pun"":""À une époque, Houdini voulait disparaître en utilisant le sol de la scène, mais ce projet est vite passé à la trappe.""},{""id"":25341,""source"":""gemini"",""original_id"":""28890"",""score"":20000.0,""pun"":""Même s'il utilisait des trappes, Houdini n'était pas un homme superficiel : il allait toujours au fond des choses.""},{""id"":69368,""source"":""gpt_single"",""original_id"":"""",""score"":20000.0,""pun"":""Sur scène, Houdini passait son temps à passer par la trappe ; au fond, ce n’était qu’une mauvaise passe.""},{""id"":88870,""source"":""claude"",""original_id"":""59470"",""score"":10000.0,""pun"":""Houdini faisait beaucoup de trappes dans ses spectacles, mais c'était juste une étape dans sa carrière.""}]"	47955	gemini_pro_single		À une époque, Houdini voulait disparaître en utilisant le sol de la scène, mais ce projet est vite passé à la trappe.	25000.0		discriminator_run2_v4
999	For baking and frying it's really worth trying.	"[{""source"":""gemini"",""original_id"":""50759"",""pun"":""Pour faire de la friture, il faut avoir de la suite dans les huiles."",""id"":33156},{""source"":""claude"",""original_id"":""32953"",""pun"":""Pour la friture comme pour la vie : il faut essayer, même si ça grésille !"",""id"":35727},{""source"":""gpt_single"",""original_id"":"""",""pun"":""Au four comme à la poêle, le meilleur ingrédient reste l’huile… de coude."",""id"":56138},{""source"":""gemini_pro_single"",""original_id"":"""",""pun"":""Ça vaut vraiment la peine d'être au four et à la friture !"",""id"":36035}]"	pooled_rankings	"{""comedian"":100.0,""pun_expert"":0.0,""editor"":0.0,""translator"":0.0}"	"{""claude"":25.0,""gemini_pro"":25.0,""gpt"":25.0}"	"{""56138"":25000.0,""33156"":22500.0,""36035"":17500.0,""35727"":10000.0}"	"[{""id"":56138,""source"":""gpt_single"",""original_id"":"""",""score"":25000.0,""pun"":""Au four comme à la poêle, le meilleur ingrédient reste l’huile… de coude.""},{""id"":33156,""source"":""gemini"",""original_id"":""50759"",""score"":22500.0,""pun"":""Pour faire de la friture, il faut avoir de la suite dans les huiles.""},{""id"":36035,""source"":""gemini_pro_single"",""original_id"":"""",""score"":17500.0,""pun"":""Ça vaut vraiment la peine d'être au four et à la friture !""},{""id"":35727,""source"":""claude"",""original_id"":""32953"",""score"":10000.0,""pun"":""Pour la friture comme pour la vie : il faut essayer, même si ça grésille !""}]"	56138	gpt_single		Au four comme à la poêle, le meilleur ingrédient reste l’huile… de coude.	25000.0		discriminator_run2_v4
1000	For children to eat without washing their hands would be a grime.	"[{""source"":""claude"",""original_id"":""48752"",""pun"":""Manger les mains sales, c'est le crime par-fait."",""id"":12984},{""source"":""gpt_single"",""original_id"":"""",""pun"":""Laisser les enfants manger les mains crades, ce n’est pas de la grime : c’est un crime de lèse-hygiène."",""id"":41601},{""source"":""gemini_pro_single"",""original_id"":"""",""pun"":""Pour un enfant, manger sans se laver les mains est un délit passible d'un bon savon."",""id"":56650},{""source"":""gemini"",""original_id"":""47616"",""pun"":""Manger sans se frotter les doigts, c'est un manque de savon-vivre."",""id"":77774}]"	pooled_rankings	"{""comedian"":100.0,""pun_expert"":0.0,""editor"":0.0,""translator"":0.0}"	"{""claude"":25.0,""gemini_pro"":25.0,""gpt"":25.0}"	"{""56650"":27500.0,""77774"":25000.0,""41601"":12500.0,""12984"":10000.0}"	"[{""id"":56650,""source"":""gemini_pro_single"",""original_id"":"""",""score"":27500.0,""pun"":""Pour un enfant, manger sans se laver les mains est un délit passible d'un bon savon.""},{""id"":77774,""source"":""gemini"",""original_id"":""47616"",""score"":25000.0,""pun"":""Manger sans se frotter les doigts, c'est un manque de savon-vivre.""},{""id"":41601,""source"":""gpt_single"",""original_id"":"""",""score"":12500.0,""pun"":""Laisser les enfants manger les mains crades, ce n’est pas de la grime : c’est un crime de lèse-hygiène.""},{""id"":12984,""source"":""claude"",""original_id"":""48752"",""score"":10000.0,""pun"":""Manger les mains sales, c'est le crime par-fait.""}]"	56650	gemini_pro_single		Pour un enfant, manger sans se laver les mains est un délit passible d'un bon savon.	27500.0		discriminator_run2_v4
